outer_coldharbour_tn={
	location=2970
	color={
		228 66 7 
	}
	inland=yes
	outgoing={
		name="eastern_deadlands_tn"
		path={
			3188 
		}
		control={
			211.000000 2238.000000 176.000000 2217.000000 15.000000 2260.000000 3918.000000 2215.000000 3864.429932 2276.320068 3805.000000 2313.139893 3810.000000 2365.000000 3851.000000 2391.000000 
		}
	}
	outgoing={
		name="central_coldharbour_tn"
		path={
			3188 
		}
		control={
			259.000000 2258.000000 272.000000 2290.000000 331.000000 2287.000000 366.000000 2309.000000 
		}
	}
	members={
		2911 2912 2913 2914 2915 2916 2917 2918 2919 2920 2851 2852 2853 2854 2855 2856 2857 2858 2859 2860 2861 2862 2863 2864 2865 2866 2867 2868 2869 2870 2871 2872 2873 2874 2875 2876 2877 2878 2879 2880 2881 2882 2883 2884 2885 2886 2887 2888 2889 2890 2901 2902 2903 2904 2905 2906 2907 2908 2909 2910 2951 2952 2953 2954 2955 2956 2957 2958 2959 2960 2961 2962 2963 2964 2965 2966 2967 2968 2969 2970 2971 2972 2973 2974 2975 2976 2977 2978 2979 2980 2981 2982 2983 2984 2985 2986 2987 2988 2989 2990 3141 3142 3143 3144 3145 3146 3147 3148 3149 3150 3151 3152 3153 3154 3155 3156 3157 3158 3159 3160 3161 3162 3163 3164 3165 3166 3167 3168 3169 3170 3171 3172 3173 3174 3175 3176 3177 3178 3179 3180 3181 3182 3183 3184 3185 3186 3187 3188 3189 3190 
	}
	ai_will_propagate_through_trade=yes
}
central_coldharbour_tn={
	location=2710
	color={
		216 178 20 
	}
	inland=yes
	outgoing={
		name="western_atmora_tn"
		path={
			3188 
		}
		control={
			427.000000 2351.000000 476.000000 2412.000000 613.000000 2444.000000 656.000000 2636.000000 791.000000 2760.000000 898.000000 2757.000000 964.000000 2713.000000 1039.000000 2700.000000 1129.000000 2676.000000 
		}
	}
	outgoing={
		name="eastern_deadlands_tn"
		path={
			3188 
		}
		control={
			325.000000 2347.000000 264.000000 2330.000000 4242.220215 2397.360107 4185.430176 2371.090088 4038.000000 2395.000000 3964.000000 2435.000000 3872.000000 2421.000000 
		}
	}
	members={
		2841 2842 2843 2844 2845 2846 2847 2848 2849 2850 2701 2702 2703 2704 2705 2706 2707 2708 2709 2710 2721 2722 2723 2724 2725 2726 2727 2728 2729 2730 2741 2742 2743 2744 2745 2746 2747 2748 2749 2750 2751 2752 2753 2754 2755 2756 2757 2758 2759 2760 2771 2772 2773 2774 2775 2776 2777 2778 2779 2780 2791 2792 2793 2794 2795 2796 2797 2798 2799 2800 2821 2822 2823 2824 2825 2826 2827 2828 2829 2830 2831 2832 2833 2834 2835 2836 2837 2838 2839 2840 2891 2892 2893 2894 2895 2896 2897 2898 2899 2900 
	}
	ai_will_propagate_through_trade=yes
}
eastern_deadlands_tn={
	location=4156
	color={
		37 206 113 
	}
	inland=yes
	outgoing={
		name="eastern_atmora_tn"
		path={
			4096 4093 1847 1843 1857 3301 3309 3303 3306 3305 3351 3343 3360 3357 3380 3381 3382 3384 
		}
		control={
			3791.000000 2442.000000 3737.000000 2424.000000 3673.000000 2465.000000 3646.000000 2545.000000 3511.000000 2577.000000 3457.000000 2671.000000 3340.000000 2678.000000 3204.000000 2776.000000 3075.000000 2769.000000 2709.000000 2725.000000 2388.000000 2749.000000 2155.000000 2668.000000 2026.000000 2708.000000 1954.000000 2698.000000 
		}
	}
	outgoing={
		name="western_deadlands_tn"
		path={
			4096 4093 1847 1843 1857 3301 3309 3303 3306 3305 3351 3343 3360 3357 3380 3381 3382 3384 
		}
		control={
			3800.000000 2394.000000 3721.000000 2410.000000 
		}
	}
	members={
		3861 3862 3863 3864 3865 3866 3867 3868 3869 3870 3871 3872 3873 3874 3875 3876 3877 3878 3879 3880 3881 3882 3883 3884 3885 3886 3887 3888 3889 3890 3891 3892 3893 3894 3895 3896 3897 3898 3899 3900 4151 4152 4153 4154 4155 4156 4157 4158 4159 4160 3761 3762 3763 3764 3765 3766 3767 3768 3769 3770 4061 4062 4063 4064 4065 4066 4067 4068 4069 4070 4071 4072 4073 4074 4075 4076 4077 4078 4079 4080 4161 4162 4163 4164 4165 4166 4167 4168 4169 4170 4171 4172 4173 4174 4175 4176 4177 4178 4179 4180 
	}
	ai_will_propagate_through_trade=yes
}
western_deadlands_tn={
	location=4285
	color={
		34 195 177 
	}
	inland=yes
	outgoing={
		name="yokuda_tn"
		path={
			4096 4093 1847 1843 1857 3301 3309 3303 3306 3305 3351 3343 3360 3357 3380 3381 3382 3384 
		}
		control={
			3715.000000 2345.000000 3737.530029 2216.919922 3845.000000 2201.000000 3907.000000 2121.000000 4032.000000 2105.000000 7.000000 2016.000000 81.000000 1882.000000 92.000000 1749.000000 189.000000 1659.000000 265.000000 1670.000000 
		}
	}
	outgoing={
		name="northern_islands_tn"
		path={
			4096 4093 1847 1843 1857 3301 3309 3303 3306 3305 3351 3343 3360 3357 3380 3381 3382 3384 
		}
		control={
			3635.000000 2393.000000 3626.000000 2437.000000 3581.000000 2464.000000 3504.000000 2442.000000 3499.000000 2373.000000 3417.000000 2320.000000 3491.590088 2261.820068 3591.000000 2177.000000 3601.000000 2122.000000 
		}
	}
	members={
		4291 4292 4293 4294 4295 4296 4297 4298 4299 4300 4141 4142 4143 4144 4145 4146 4147 4148 4149 4150 4181 4182 4183 4184 4185 4186 4187 4188 4189 4190 4191 4192 4193 4194 4195 4196 4197 4198 4199 4200 4281 4282 4283 4284 4285 4286 4287 4288 4289 4290 4311 4312 4313 4314 4315 4316 4317 4318 4319 4320 4321 4322 4323 4324 4325 4326 4327 4328 4329 4330 4331 4332 4333 4334 4335 4336 4337 4338 4339 4340 4341 4342 4343 4344 4345 4346 4347 4348 4349 4350 4351 4352 4353 4354 4355 4356 4357 4358 4359 4360 
	}
	ai_will_propagate_through_trade=yes
}
n_kamal_tn={
	location=508
	color={
		236 162 19 
	}
	inland=yes
	outgoing={
		name="thousand_tn"
		path={
			508 172 
		}
		control={
			3303.000000 1536.000000 3421.000000 1491.000000 3478.000000 1452.000000 3465.000000 1391.000000 3523.000000 1362.000000 3577.000000 1345.000000 3637.000000 1292.000000 
		}
	}
	outgoing={
		name="yokuda_tn"
		path={
			508 74 
		}
		control={
			3338.000000 1622.000000 3389.000000 1670.000000 3533.000000 1627.000000 3561.000000 1541.000000 3740.000000 1424.000000 3836.000000 1429.000000 4024.000000 1447.000000 4198.169922 1610.939941 257.000000 1624.000000 
		}
	}
	members={
		491 492 493 494 495 2515 2516 2517 2518 2519 496 497 498 499 500 2520 2521 2522 2523 2524 501 502 503 504 505 2525 2526 2527 2528 2529 506 507 508 509 510 2530 2531 2532 2533 2534 511 512 513 514 515 2535 2536 2537 2538 2539 516 517 518 519 520 2540 2541 2542 2543 2544 2545 2546 2547 2548 2549 2550 2551 2552 2553 2554 2555 2556 2557 2558 2559 2560 2561 2562 2563 2564 2565 2566 2567 2568 2569 2570 2571 2572 2573 2574 2575 2576 2577 2578 2579 2580 2581 2582 2583 2584 2585 2586 2587 2588 2589 2590 2591 2592 2593 2594 2595 2596 2597 2598 2599 2600 2601 2602 2603 2604 2605 2606 2607 2608 2609 2610 2611 2612 2613 2614 2615 2616 2617 2618 2619 2620 2621 2622 2623 2624 2625 2626 2627 2628 2629 2630 2631 2632 2633 2634 
	}
	ai_will_propagate_through_trade=yes
}
pyandonea_tn={
	location=104
	color={
		63 150 30 
	}
	outgoing={
		name="summerset_tn"
		path={
			100 210 88 87 282 276 278 277 268 85 
		}
		control={
			806.000000 789.000000 703.000000 826.000000 662.000000 974.000000 588.000000 1051.000000 547.000000 1094.000000 497.000000 1126.000000 481.000000 1153.000000 505.000000 1193.000000 
		}
	}
	outgoing={
		name="southern_valenwood_tn"
		path={
			100 215 101 107 108 
		}
		control={
			860.000000 776.000000 866.000000 814.000000 888.000000 847.000000 890.000000 879.000000 838.000000 930.000000 782.000000 1080.000000 935.000000 1126.000000 
		}
	}
	outgoing={
		name="pelletine_tn"
		path={
			100 224 222 220 228 102 109 111 929 928 926 941 943 
		}
		control={
			911.000000 760.000000 965.000000 807.000000 1016.000000 830.000000 1114.000000 827.000000 1107.000000 884.000000 931.000000 967.000000 846.000000 962.000000 802.000000 1050.000000 893.000000 1052.000000 1013.000000 1087.000000 1145.640015 1045.810059 1238.000000 1100.000000 
		}
	}
	members={
		209 210 211 212 213 1551 1552 2005 2006 2007 214 215 216 217 218 1553 1554 2008 2009 2010 219 220 228 221 226 227 1555 1558 2011 2013 224 225 222 223 1557 1556 2012 2014 2015 2016 229 230 231 232 233 1559 1560 2017 2018 2019 234 235 236 240 241 1561 1562 2020 2021 2022 237 238 239 244 245 1563 1564 2023 2024 2025 2026 2027 2028 2029 2030 2031 2032 2033 2034 2035 2036 2037 2038 2039 2040 2041 2042 2043 2044 2045 2046 2047 2048 2049 2050 2051 2052 2053 2054 2055 2056 2057 2058 2059 2060 2061 2062 2063 2064 2065 2066 2067 2068 2069 2070 2071 2072 2073 2074 2075 2076 2077 2078 2079 2080 2081 2082 2083 2084 2085 2086 2087 2088 2089 2090 2091 2092 2093 2094 2095 2096 2097 2098 2099 2100 2101 2102 2103 2104 2105 104 
	}
	ai_will_propagate_through_trade=yes
}
atmora_tn={
	location=373
	color={
		57 168 220 
	}
	inland=yes
	outgoing={
		name="vvardefell_tn"
		path={
			373 4406 
		}
		control={
			1667.000000 2612.000000 1714.000000 2577.000000 1827.000000 2575.000000 1939.000000 2503.000000 2056.000000 2461.000000 2099.000000 2430.000000 2144.000000 2415.000000 2132.000000 2368.000000 2072.000000 2346.000000 1995.000000 2233.000000 1915.000000 2132.000000 1952.000000 2026.000000 
		}
	}
	outgoing={
		name="nordic_coast_tn"
		path={
			373 1869 
		}
		control={
			1609.000000 2557.000000 1769.000000 2561.000000 1886.000000 2497.000000 1942.000000 2461.000000 1942.000000 2425.000000 1951.000000 2384.000000 1897.000000 2307.000000 1735.000000 2182.000000 1497.000000 2154.000000 1367.000000 2114.000000 1346.000000 2106.000000 
		}
	}
	members={
		356 366 367 368 369 1567 1568 2191 2192 2193 363 364 365 379 387 1569 1570 2188 2189 2190 372 373 374 375 376 1573 1574 2197 2198 2199 377 378 383 384 388 1575 1576 2200 2201 2202 2270 2271 2272 2273 2274 2275 2276 2277 2278 2279 2280 2281 2282 2283 2284 2285 2286 2287 2288 2289 2290 2291 2292 2293 2294 2295 2296 2297 2298 2299 2310 2311 2312 2313 2314 2315 2316 2317 2318 2319 2320 2321 2322 2323 2324 2325 2326 2327 2328 2329 2330 2331 2332 2333 2334 2335 2336 2337 2338 2339 446 447 448 449 450 2470 2471 2472 2473 2474 451 452 453 454 455 2475 2476 2477 2478 2479 456 457 458 459 460 2480 2481 2482 2483 2484 461 462 463 464 465 2485 2486 2487 2488 2489 486 487 488 489 490 2510 2511 2512 2513 2514 
	}
	ai_will_propagate_through_trade=yes
}
eastern_atmora_tn={
	location=28
	color={
		191 110 62 
	}
	outgoing={
		name="northern_islands_tn"
		path={
			6 10 15 12 16 17 1842 19 1841 34 37 
		}
		control={
			1867.000000 2589.000000 2069.000000 2482.000000 2171.000000 2478.000000 2301.000000 2396.000000 2427.000000 2342.000000 2601.000000 2171.000000 2674.000000 2203.000000 2734.000000 2268.000000 2795.000000 2338.000000 2917.510010 2331.679932 3081.000000 2348.000000 3218.000000 2238.000000 3428.000000 2156.000000 3503.000000 2170.000000 3533.000000 2149.000000 3541.000000 2115.000000 3554.000000 2094.000000 
		}
	}
	outgoing={
		name="atmora_tn"
		path={
			28 373 
		}
		control={
			1885.000000 2738.000000 1849.000000 2703.000000 1806.000000 2676.000000 1747.000000 2695.000000 1718.000000 2644.000000 1651.000000 2654.000000 
		}
	}
	members={
		380 381 382 385 386 1571 1572 2194 2195 2196 360 370 371 389 394 2203 2204 2205 2206 2207 390 391 392 393 395 2215 2216 2217 2218 2219 2220 2221 2222 2223 2224 2225 2226 2227 2228 2229 2300 2301 2302 2303 2304 2305 2306 2307 2308 2309 2340 2341 2342 2343 2344 2345 2346 2347 2348 2349 2350 2351 2352 2353 2354 2355 2356 2357 2358 2359 2360 2361 2362 2363 2364 2365 2366 2367 2368 2369 2370 2371 2372 2373 2374 2375 2376 2377 2378 2379 2420 2421 2422 2423 2424 2425 2426 2427 2428 2429 2430 2431 2432 2433 2434 2435 2436 2437 2438 2439 466 467 468 469 470 2440 2441 2442 2443 2444 471 472 473 474 475 2445 2446 2447 2448 2449 476 477 478 479 480 2500 2501 2502 2503 2504 481 482 483 484 485 2505 2506 2507 2508 2509 6 28 
	}
	ai_will_propagate_through_trade=yes
}
northern_islands_tn={
	location=4475
	color={
		220 220 220 
	}
	outgoing={
		name="upper_tn"
		path={
			4475 751 
		}
		control={
			3522.000000 2054.000000 3495.000000 1931.000000 3409.000000 1837.000000 3273.000000 1801.000000 3249.000000 1750.000000 3233.000000 1699.000000 3259.000000 1639.000000 3144.000000 1635.000000 3051.000000 1565.000000 3045.000000 1464.000000 3101.000000 1426.000000 3093.000000 1390.000000 
		}
	}
	outgoing={
		name="n_kamal_tn"
		path={
			4475 508 
		}
		control={
			3635.000000 2044.000000 3561.000000 1984.000000 3499.000000 1888.000000 3474.000000 1833.000000 3461.000000 1792.000000 3405.000000 1766.000000 3380.000000 1698.000000 3298.000000 1644.000000 
		}
	}
	members={
		3471 3472 3473 3474 3475 3476 3477 3478 3479 3480 3481 3482 3483 3484 3485 3486 3487 3488 3489 3490 3491 3492 3493 3494 3495 3496 3497 3498 3499 3500 3501 3502 3503 3504 3505 3506 3507 3508 3509 3510 3511 3512 3513 3514 3515 3516 3517 3518 3519 3520 3521 3522 3523 3524 3525 3526 3527 3528 3529 3530 793 794 795 796 797 798 1538 1801 1802 1803 2635 800 801 802 803 804 1549 1804 1805 1806 1807 806 807 808 1546 1547 1808 1809 1810 1811 1812 1541 1542 1543 1544 1545 1813 1814 1815 1816 1817 799 805 1539 1540 1548 1550 1818 1819 1820 1821 2656 2657 2658 2659 2660 2661 2662 2663 2664 2665 2666 2667 2668 2669 2670 2671 2672 2673 2674 2675 406 407 408 409 410 1535 2208 2209 2210 2211 411 412 413 414 415 1536 1537 2212 2213 2214 4475 
	}
	ai_will_propagate_through_trade=yes
}
upper_tn={
	location=751
	color={
		32 164 51 
	}
	inland=yes
	outgoing={
		name="thousand_tn"
		path={
			751 172 
		}
		control={
			3124.000000 1399.000000 3191.000000 1412.000000 3224.000000 1380.000000 3297.000000 1385.000000 3344.000000 1334.000000 3420.000000 1347.000000 3468.000000 1307.000000 3511.000000 1280.000000 3577.000000 1261.000000 3611.000000 1272.000000 3625.000000 1269.000000 
		}
	}
	outgoing={
		name="n_kamal_tn"
		path={
			751 508 
		}
		control={
			3116.000000 1406.000000 3177.000000 1443.000000 3187.000000 1508.000000 3265.000000 1563.000000 
		}
	}
	members={
		737 738 739 741 742 1767 1768 1769 1770 1771 743 744 745 746 747 1772 1773 1774 1775 1776 740 748 749 750 751 752 1777 1778 1779 1780 753 754 755 756 757 1781 1782 1783 1784 1785 758 759 760 761 762 1786 1787 1788 1789 1790 763 764 765 766 767 1791 1792 1793 1794 1795 768 769 770 771 772 1796 1797 1798 1799 1800 3531 3532 3533 3534 3535 3536 3537 3538 3539 3540 3541 3542 3543 3544 3545 3546 3547 3548 3549 3550 3551 3552 3553 3554 3555 3556 3557 3558 3559 3560 3561 3562 3563 3564 3565 3566 3567 3568 3569 3570 3571 3572 3573 3574 3575 3576 3577 3578 3579 3580 3581 3582 3583 3584 3585 3586 3587 3588 3589 3590 3591 3592 3593 3594 3595 3596 3597 3598 3599 3600 3601 3602 3603 3604 3605 3606 3607 3608 3609 3610 
	}
	ai_will_propagate_through_trade=yes
}
thousand_tn={
	location=172
	color={
		241 13 61 
	}
	outgoing={
		name="yokuda_tn"
		path={
			172 74 
		}
		control={
			3669.000000 1313.000000 3674.000000 1366.000000 3754.000000 1385.000000 3867.000000 1365.000000 3976.000000 1413.000000 4130.319824 1435.069946 4229.649902 1565.670044 4293.319824 1565.109985 274.000000 1617.000000 
		}
	}
	outgoing={
		name="summerset_tn"
		path={
			172 81 
		}
		control={
			3663.000000 1269.000000 3660.000000 1233.000000 3699.000000 1220.000000 3794.000000 1221.000000 3903.000000 1271.000000 3986.000000 1353.000000 4095.000000 1364.000000 4288.430176 1429.869995 341.000000 1423.000000 408.000000 1392.000000 335.000000 1333.000000 334.750000 1215.880005 394.000000 1209.000000 441.000000 1207.000000 463.000000 1216.000000 472.000000 1230.000000 
		}
	}
	members={
		535 536 537 538 539 1577 1578 1725 1726 1727 540 541 542 543 544 1579 1580 1728 1729 1730 545 546 547 548 549 1581 1582 1731 1732 1733 550 551 552 553 554 1583 1584 1734 1735 1736 555 556 557 558 559 1585 1586 1737 1738 1739 560 561 562 563 564 1587 1588 1740 1741 1742 565 566 567 568 569 1589 1590 1743 1744 1745 570 571 572 573 574 1591 1592 1746 1747 1748 575 576 577 578 579 1593 1594 1749 1750 1751 580 581 582 583 584 1595 1596 1752 1753 1754 585 586 587 588 589 1597 1598 1755 1756 1757 590 591 592 593 594 1599 1600 1758 1759 1760 595 596 597 598 599 1601 1602 1761 1762 1763 600 601 602 603 604 1603 1604 1764 1765 1766 3611 3612 3613 3614 3615 3616 3617 3618 3619 3620 172 
	}
	ai_will_propagate_through_trade=yes
}
po_tun_tn={
	location=636
	color={
		13 255 179 
	}
	inland=yes
	outgoing={
		name="thousand_tn"
		path={
			636 172 
		}
		control={
			3426.000000 1230.000000 3515.000000 1183.000000 3569.000000 1236.000000 3632.000000 1242.000000 3635.000000 1267.000000 
		}
	}
	outgoing={
		name="upper_tn"
		path={
			636 751 
		}
		control={
			3325.000000 1250.000000 3251.530029 1223.510010 3216.000000 1265.000000 3186.000000 1275.000000 3186.000000 1315.000000 3132.000000 1343.000000 
		}
	}
	members={
		609 610 611 613 1666 1670 1671 1672 1673 1674 614 615 616 617 618 648 1701 1702 1703 1704 619 620 621 622 623 1675 1676 1677 1678 1679 624 625 626 627 628 1680 1681 1682 1683 1684 629 630 631 632 633 1685 1686 1687 1688 1689 634 635 636 637 638 1690 1691 1692 1693 1694 639 640 641 642 643 1695 1696 1697 1698 1699 644 645 646 647 1700 1710 1711 1712 1713 1714 649 650 651 652 653 1705 1706 1707 1708 1709 654 655 656 657 658 612 1665 1667 1668 1669 659 660 661 662 663 1715 1716 1717 1718 1719 664 665 666 667 668 1720 1721 1722 1723 1724 2636 2637 2638 2639 2640 2641 2642 2643 2644 2645 2646 2647 2648 2649 2650 2651 2652 2653 2654 2655 3621 3622 3623 3624 3625 3626 3627 3628 3629 3630 
	}
	ai_will_propagate_through_trade=yes
}
tsakara_tn={
	location=724
	color={
		135 104 85 
	}
	inland=yes
	outgoing={
		name="upper_tn"
		path={
			724 751 
		}
		control={
			2869.000000 1184.000000 2873.000000 1222.000000 2819.000000 1253.000000 2836.000000 1296.000000 2886.000000 1297.000000 2954.000000 1359.000000 3043.000000 1344.000000 3096.000000 1358.000000 
		}
	}
	outgoing={
		name="po_tun_tn"
		path={
			724 636 
		}
		control={
			2930.000000 1113.000000 2963.000000 1060.469971 3039.000000 1035.000000 3103.000000 1132.000000 3148.000000 1139.000000 3183.000000 1149.000000 3296.000000 1152.000000 3328.030029 1189.069946 3382.000000 1210.000000 
		}
	}
	members={
		677 678 679 680 681 1605 1606 1607 1608 1609 682 683 684 685 686 1610 1611 1612 1613 1614 687 688 689 690 691 1615 1616 1617 1618 1619 692 693 694 695 696 1620 1621 1622 1623 1624 697 698 699 700 701 1630 1631 1632 1633 1634 702 703 704 705 706 1625 1626 1627 1628 1629 707 708 709 710 711 1635 1636 1637 1638 1639 712 713 714 715 716 1640 1641 1642 1643 1644 717 718 719 720 721 1645 1646 1647 1648 1649 722 723 724 725 726 1655 1656 1657 1658 1659 727 728 729 730 731 1650 1651 1652 1653 1654 732 733 734 735 736 1660 1661 1662 1663 1664 3631 3632 3633 3634 3635 3636 3637 3638 3639 3640 3641 3642 3643 3644 3645 3646 3647 3648 3649 3650 3651 3652 3653 3654 3655 3656 3657 3658 3659 3660 
	}
	ai_will_propagate_through_trade=yes
}
marsh_tn={
	location=1921
	color={
		130 17 17 
	}
	outgoing={
		name="shadowfen_tn"
		path={
			131 6576 1069 
		}
		control={
			1915.000000 1262.000000 1914.000000 1321.000000 1871.000000 1349.000000 1867.000000 1402.000000 
		}
	}
	outgoing={
		name="nibenay_tn"
		path={
			131 6695 125 
		}
		control={
			1859.000000 1226.000000 1763.829956 1206.520020 1663.000000 1256.000000 1592.000000 1245.000000 
		}
	}
	outgoing={
		name="murkmire_tn"
		path={
			131 6745 121 
		}
		control={
			1885.900024 1176.959961 1832.890015 1113.760010 1735.000000 1113.000000 
		}
	}
	outgoing={
		name="morrowind_tn"
		path={
			131 205 1002 
		}
		control={
			1995.000000 1325.000000 1979.000000 1415.000000 2028.000000 1504.000000 2007.000000 1581.000000 2036.000000 1627.000000 
		}
	}
	members={
		1080 1081 1082 1083 1112 6456 6457 6458 6459 6460 1101 1104 1106 1107 1108 6481 6482 6483 6484 6485 1075 1096 1102 1103 1105 6486 6487 6488 6489 6490 6611 6612 6613 6614 6615 6616 6617 6618 6619 6620 6621 6622 6623 6624 6625 6626 6627 6628 6629 6630 6631 6632 6633 6634 6635 6636 6637 6638 6639 6640 6641 6642 6643 6644 6645 6646 6647 6648 6649 6650 6681 6682 6683 6684 6685 6686 6687 6688 6689 6690 6701 6702 6703 6704 6705 6706 6707 6708 6709 6710 6751 6752 6753 6754 6755 6756 6757 6758 6759 6760 6761 6762 6763 6764 6765 6766 6767 6768 6769 6770 6771 6772 6773 6774 6775 6776 6777 6778 6779 6780 6801 6802 6803 6804 6805 6806 6807 6808 6809 6810 6821 6822 6823 6824 6825 6826 6827 6828 6829 6830 6831 6832 6833 6834 6835 6836 6837 6838 6839 6840 1921 
	}
	ai_will_propagate_through_trade=yes
}
murkmire_tn={
	location=1903
	color={
		47 68 158 
	}
	outgoing={
		name="nibenay_tn"
		path={
			121 123 125 
		}
		control={
			1628.000000 1143.000000 1638.000000 1211.000000 1578.000000 1211.000000 1546.000000 1235.000000 
		}
	}
	outgoing={
		name="pelletine_tn"
		path={
			121 111 110 
		}
		control={
			1559.000000 1056.000000 1468.569946 1098.479980 1352.000000 1110.000000 
		}
	}
	members={
		1085 1086 1087 1088 1099 6461 6462 6463 6464 6465 1089 1090 1091 1097 1109 6466 6467 6468 6469 6470 1079 1093 1094 1095 1111 6471 6472 6473 6474 6475 1092 1098 1100 1110 1113 6476 6477 6478 6479 6480 6651 6652 6653 6654 6655 6656 6657 6658 6659 6660 6661 6662 6663 6664 6665 6666 6667 6668 6669 6670 6671 6672 6673 6674 6675 6676 6677 6678 6679 6680 6691 6692 6693 6694 6695 6696 6697 6698 6699 6700 6711 6712 6713 6714 6715 6716 6717 6718 6719 6720 6721 6722 6723 6724 6725 6726 6727 6728 6729 6730 6731 6732 6733 6734 6735 6736 6737 6738 6739 6740 6741 6742 6743 6744 6745 6746 6747 6748 6749 6750 6781 6782 6783 6784 6785 6786 6787 6788 6789 6790 6791 6792 6793 6794 6795 6796 6797 6798 6799 6800 6811 6812 6813 6814 6815 6816 6817 6818 6819 6820 1903 
	}
	ai_will_propagate_through_trade=yes
}
pelletine_tn={
	location=119
	color={
		202 150 172 
	}
	outgoing={
		name="anequina_tn"
		path={
			110 915 926 
		}
		control={
			1325.000000 1230.000000 1383.000000 1308.000000 
		}
	}
	outgoing={
		name="southern_valenwood_tn"
		path={
			110 4990 1897 
		}
		control={
			1223.000000 1184.000000 1140.369995 1152.310059 1073.000000 1202.000000 
		}
	}
	outgoing={
		name="northern_valenwood_tn"
		path={
			110 5060 4950 
		}
		control={
			1263.000000 1256.000000 1138.000000 1314.000000 
		}
	}
	members={
		919 920 921 922 923 5101 5102 5103 5104 5105 928 929 930 931 948 5111 5112 5113 5114 5115 932 933 934 936 937 5116 5117 5118 5119 5120 939 940 941 942 943 5121 5122 5123 5124 5125 938 944 945 946 947 5126 5127 5128 5129 5130 5151 5152 5153 5154 5155 5156 5157 5158 5159 5160 5161 5162 5163 5164 5165 5166 5167 5168 5169 5170 5171 5172 5173 5174 5175 5176 5177 5178 5179 5180 5181 5182 5183 5184 5185 5186 5187 5188 5189 5190 5191 5192 5193 5194 5195 5196 5197 5198 5199 5200 5201 5202 5203 5204 5205 5206 5207 5208 5209 5210 5241 5242 5243 5244 5245 5246 5247 5248 5249 5250 5251 5252 5253 5254 5255 5256 5257 5258 5259 5260 5261 5262 5263 5264 5265 5266 5267 5268 5269 5270 5271 5272 5273 5274 5275 5276 5277 5278 5279 5280 119 
	}
	ai_will_propagate_through_trade=yes
}
western_atmora_tn={
	location=31
	color={
		146 134 57 
	}
	outgoing={
		name="atmora_tn"
		path={
			31 373 
		}
		control={
			1243.000000 2679.000000 1303.000000 2633.000000 1349.000000 2653.000000 1427.000000 2627.000000 1498.000000 2596.000000 1528.000000 2635.000000 1587.000000 2636.000000 
		}
	}
	outgoing={
		name="wrothgar_tn"
		path={
			31 4390 
		}
		control={
			1173.000000 2630.000000 1228.000000 2536.000000 1304.020020 2489.060059 1337.000000 2522.000000 1419.000000 2529.000000 1483.000000 2508.000000 1533.000000 2564.000000 1623.000000 2518.000000 1735.000000 2531.000000 1777.000000 2551.000000 1813.000000 2523.000000 1904.000000 2461.000000 1929.000000 2370.000000 1794.000000 2284.000000 1736.000000 2232.000000 1631.000000 2211.000000 1500.000000 2184.000000 1389.000000 2143.000000 1208.000000 2191.000000 1090.000000 2178.000000 981.000000 2079.000000 875.000000 2021.000000 
		}
	}
	members={
		357 358 361 359 362 1565 1566 2185 2186 2187 2230 2231 2232 2233 2234 2235 2236 2237 2238 2239 2240 2241 2242 2243 2244 2245 2246 2247 2248 2249 2250 2251 2252 2253 2254 2255 2256 2257 2258 2259 2260 2261 2262 2263 2264 2265 2266 2267 2268 2269 2380 2381 2382 2383 2384 2385 2386 2387 2388 2389 2390 2391 2392 2393 2394 2395 2396 2397 2398 2399 2400 2401 2402 2403 2404 2405 2406 2407 2408 2409 2410 2411 2412 2413 2414 2415 2416 2417 2418 2419 416 417 418 419 420 2490 2491 2492 2493 2494 421 422 423 424 425 2495 2496 2497 2498 2499 426 427 428 429 430 2450 2451 2452 2453 2454 431 432 433 434 435 2455 2456 2457 2458 2459 436 437 438 439 440 2460 2461 2462 2463 2464 441 442 443 444 445 2465 2466 2467 2468 2469 31 
	}
	ai_will_propagate_through_trade=yes
}
yokuda_tn={
	location=74
	color={
		41 82 45 
	}
	outgoing={
		name="high_rock_tn"
		path={
			77 78 61 55 
		}
		control={
			291.000000 1693.000000 321.000000 1701.000000 355.000000 1724.000000 486.000000 1673.000000 
		}
	}
	outgoing={
		name="alikr_tn"
		path={
			77 1873 1871 
		}
		control={
			425.000000 1561.000000 613.000000 1608.000000 
		}
	}
	outgoing={
		name="auridon_tn"
		path={
			77 83 
		}
		control={
			295.000000 1545.000000 415.000000 1465.000000 502.000000 1428.000000 589.000000 1437.000000 
		}
	}
	members={
		320 321 323 324 2106 2107 2108 2109 2110 2111 325 327 328 330 331 340 2112 2113 2114 2115 273 285 332 333 334 2116 2117 2118 2119 2120 326 342 344 345 346 347 348 2121 2122 2123 329 341 343 350 349 2124 2125 2126 2127 2128 337 338 339 351 352 353 2141 2142 2143 2144 286 318 319 322 335 2136 2137 2138 2139 2140 336 354 355 2129 2130 2131 2132 2133 2134 2135 2145 2176 2177 2178 2179 2180 2181 2182 2183 2184 2146 2147 2148 2149 2150 2151 2152 2153 2154 2155 2156 2157 2158 2159 2160 2161 2162 2163 2164 2165 2166 2167 2168 2169 2170 2171 2172 2173 2174 2175 3441 3442 3443 3444 3445 3446 3447 3448 3449 3450 3451 3452 3453 3454 3455 3456 3457 3458 3459 3460 3461 3462 3463 3464 3465 3466 3467 3468 3469 3470 74 
	}
	ai_will_propagate_through_trade=yes
}
high_rock_tn={
	location=44
	color={
		129 214 238 
	}
	outgoing={
		name="wrothgar_tn"
		path={
			61 91 1870 
		}
		control={
			640.000000 1765.000000 735.000000 1845.000000 848.000000 1841.000000 835.000000 1898.000000 868.000000 1927.000000 863.000000 1953.000000 
		}
	}
	outgoing={
		name="alikr_tn"
		path={
			61 1876 1871 
		}
		control={
			572.000000 1663.000000 638.000000 1624.000000 
		}
	}
	members={
		1368 1369 1370 1371 1372 6841 6842 6843 6844 6845 1373 1374 1375 1376 1377 6846 6847 6848 6849 6850 1378 1379 1380 1381 1382 6851 6852 6853 6854 6855 1383 1384 1385 1386 1387 6856 6857 6858 6859 6860 1393 1394 1395 1396 1397 6866 6867 6868 6869 6870 1398 1399 1400 1401 1402 6871 6872 6873 6874 6875 6906 6907 6908 6909 6910 6911 6912 6913 6914 6915 6916 6917 6918 6919 6920 6921 6922 6923 6924 6925 6926 6927 6928 6929 6930 6931 6932 6933 6934 6935 6936 6937 6938 6939 6940 6941 6942 6943 6944 6945 6946 6947 6948 6949 6950 6951 6952 6953 6954 6955 6956 6957 6958 6959 6960 6961 6962 6963 6964 6965 6966 6967 6968 6969 6970 6971 6972 6973 6974 6975 6996 6997 6998 6999 7000 7001 7002 7003 7004 7005 7016 7017 7018 7019 7020 7021 7022 7023 7024 7025 44 
	}
	ai_will_propagate_through_trade=yes
}
wrothgar_tn={
	location=4390
	color={
		88 23 143 
	}
	outgoing={
		name="dragontail_tn"
		path={
			1870 6287 6295 
		}
		control={
			890.000000 1923.000000 934.000000 1914.000000 946.000000 1870.000000 979.000000 1859.000000 
		}
	}
	outgoing={
		name="reach_tn"
		path={
			1870 1470 1355 
		}
		control={
			926.000000 1966.000000 932.000000 1930.000000 993.000000 1893.000000 
		}
	}
	outgoing={
		name="nordic_coast_tn"
		path={
			1870 7070 44 
		}
		control={
			916.000000 1995.000000 956.000000 1984.000000 1004.000000 2017.000000 1115.000000 2001.000000 1239.000000 2073.000000 1313.000000 2063.000000 
		}
	}
	members={
		1388 1389 1390 1391 1392 6861 6862 6863 6864 6865 1403 1404 1405 1406 1407 6876 6877 6878 6879 6880 1408 1409 1410 1411 1412 6881 6882 6883 6884 6885 1413 1414 1415 1416 1417 6886 6887 6888 6889 6890 1418 1419 1420 1421 1422 6891 6892 6893 6894 6895 1423 1424 1425 1426 1428 6896 6897 6898 6899 6900 1427 1429 1430 1431 1432 6901 6902 6903 6904 6905 6976 6977 6978 6979 6980 6981 6982 6983 6984 6985 6986 6987 6988 6989 6990 6991 6992 6993 6994 6995 7006 7007 7008 7009 7010 7011 7012 7013 7014 7015 7026 7027 7028 7029 7030 7031 7032 7033 7034 7035 7036 7037 7038 7039 7040 7041 7042 7043 7044 7045 7046 7047 7048 7049 7050 7051 7052 7053 7054 7055 7056 7057 7058 7059 7060 7061 7062 7063 7064 7065 7066 7067 7068 7069 7070 7071 7072 7073 7074 7075 4390 
	}
	ai_will_propagate_through_trade=yes
}
vvardefell_tn={
	location=4406
	color={
		84 152 93 
	}
	outgoing={
		name="llothanis_tn"
		path={
			1865 3693 3695 
		}
		control={
			1980.000000 1990.000000 2099.000000 1961.000000 2109.000000 1897.000000 2162.000000 1855.000000 
		}
	}
	outgoing={
		name="velothi_tn"
		path={
			1865 1863 1868 
		}
		control={
			1900.000000 1963.000000 1787.000000 1953.000000 1736.000000 1897.000000 1774.000000 1871.000000 1770.000000 1822.000000 1790.000000 1788.000000 
		}
	}
	outgoing={
		name="nordic_coast_tn"
		path={
			1865 45 44 
		}
		control={
			1916.000000 1995.000000 1900.000000 1987.000000 1876.000000 1984.000000 1859.000000 1990.000000 1843.000000 1989.000000 1814.000000 2005.000000 1760.000000 2008.000000 1679.000000 2006.000000 1561.000000 2095.000000 1461.000000 2123.000000 
		}
	}
	members={
		1039 1040 1041 1042 1043 3286 3287 3288 3289 3290 1044 1045 1046 1047 1048 3291 3292 3293 3294 3295 1049 1050 1051 1052 1053 3296 3297 3298 3299 3300 3301 3302 3303 3304 3305 3306 3307 3308 3309 3310 4121 4122 4123 4124 4125 4126 4127 4128 4129 4130 4131 4132 4133 4134 4135 4136 4137 4138 4139 4140 4201 4202 4203 4204 4205 4206 4207 4208 4209 4210 4211 4212 4213 4214 4215 4216 4217 4218 4219 4220 4221 4222 4223 4224 4225 4226 4227 4228 4229 4230 4231 4232 4233 4234 4235 4236 4237 4238 4239 4240 4241 4242 4243 4244 4245 4246 4247 4248 4249 4250 4251 4252 4253 4254 4255 4256 4257 4258 4259 4260 4261 4262 4263 4264 4265 4266 4267 4268 4269 4270 4271 4272 4273 4274 4275 4276 4277 4278 4279 4280 4301 4302 4303 4304 4305 4306 4307 4308 4309 4310 4406 
	}
	ai_will_propagate_through_trade=yes
}
nordic_coast_tn={
	location=1869
	color={
		45 43 59 
	}
	outgoing={
		name="reach_tn"
		path={
			44 6257 
		}
		control={
			1301.000000 2002.000000 1172.000000 1993.000000 1129.000000 1947.000000 1064.000000 1938.000000 
		}
	}
	outgoing={
		name="great_plains_tn"
		path={
			44 1319 
		}
		control={
			1380.000000 2025.000000 1341.000000 1973.000000 1361.000000 1933.000000 
		}
	}
	outgoing={
		name="rift_tn"
		path={
			44 1268 
		}
		control={
			1426.000000 2037.000000 1425.000000 1958.000000 1518.000000 1924.000000 1530.000000 1869.000000 1575.000000 1846.000000 
		}
	}
	members={
		1274 1275 1276 1277 1278 7086 7087 7088 7089 7090 1299 1300 1301 1303 1309 7111 7112 7113 7114 7115 1304 1305 1306 1307 1308 7116 7117 7118 7119 7120 1334 1335 1336 1337 1338 7146 7147 7148 7149 7150 1339 1340 1341 1342 1343 7151 7152 7153 7154 7155 7186 7187 7188 7189 7190 7191 7192 7193 7194 7195 7296 7297 7298 7299 7300 7301 7302 7303 7304 7305 7306 7307 7308 7309 7310 7311 7312 7313 7314 7315 2691 2692 2693 2694 2695 7316 7317 7318 7319 7320 2711 2712 2713 2714 2715 2696 2697 2698 2699 2700 2731 2732 2733 2734 2735 2716 2717 2718 2719 2720 2761 2762 2763 2764 2765 2736 2737 2738 2739 2740 2781 2782 2783 2784 2785 2766 2767 2768 2769 2770 2801 2802 2803 2804 2805 2786 2787 2788 2789 2790 2941 2942 2943 2944 2945 2936 2937 2938 2939 2940 1869 
	}
	ai_will_propagate_through_trade=yes
}
reach_tn={
	location=1355
	color={
		30 250 43 
	}
	inland=yes
	outgoing={
		name="great_plains_tn"
		path={
			1355 1331 1319 
		}
		control={
			1106.000000 1885.000000 1171.000000 1929.000000 1242.000000 1913.000000 1307.000000 1931.000000 
		}
	}
	outgoing={
		name="dragontail_tn"
		path={
			1355 1470 1474 
		}
		control={
			1025.000000 1866.000000 998.000000 1859.000000 
		}
	}
	members={
		1294 1295 1296 1297 1298 7106 7107 7108 7109 7110 1329 1330 1331 1332 1333 7141 7142 7143 7144 7145 1344 1345 1346 1347 1348 7156 7157 7158 7159 7160 1349 1350 1351 1352 1363 7161 7162 7163 7164 7165 1353 1354 1355 1356 1357 7166 7167 7168 7169 7170 1358 1359 1360 1361 1362 7171 7172 7173 7174 7175 7176 7177 7178 7179 7180 7181 7182 7183 7184 7185 7196 7197 7198 7199 7200 7201 7202 7203 7204 7205 7206 7207 7208 7209 7210 7211 7212 7213 7214 7215 7216 7217 7218 7219 7220 7221 7222 7223 7224 7225 7226 7227 7228 7229 7230 7231 7232 7233 7234 7235 7236 7237 7238 7239 7240 7241 7242 7243 7244 7245 7246 7247 7248 7249 7250 7251 7252 7253 7254 7255 7256 7257 7258 7259 7260 7261 7262 7263 7264 7265 7286 7287 7288 7289 7290 7291 7292 7293 7294 7295 
	}
	ai_will_propagate_through_trade=yes
}
great_plains_tn={
	location=1319
	color={
		240 245 255 
	}
	inland=yes
	outgoing={
		name="rift_tn"
		path={
			1319 1268 
		}
		control={
			1432.000000 1894.000000 1484.000000 1846.000000 1550.000000 1847.000000 
		}
	}
	outgoing={
		name="jeral_tn"
		path={
			1319 1286 1194 
		}
		control={
			1300.000000 1864.000000 1329.000000 1802.000000 1381.000000 1803.000000 1388.000000 1763.000000 
		}
	}
	outgoing={
		name="dragontail_tn"
		path={
			1319 6257 
		}
		control={
			1288.000000 1892.000000 1203.000000 1908.000000 1114.000000 1856.000000 1034.000000 1859.000000 
		}
	}
	members={
		1289 1290 1291 1292 1293 7101 7102 7103 7104 7105 1302 1314 1315 1316 1317 7126 7127 7128 7129 7130 1319 1320 1321 1322 1323 7131 7132 7133 7134 7135 1324 1325 1326 1327 1328 7136 7137 7138 7139 7140 7266 7267 7268 7269 7270 7271 7272 7273 7274 7275 7276 7277 7278 7279 7280 7281 7282 7283 7284 7285 2946 2947 2948 2949 2950 2991 2992 2993 2994 2995 3006 3007 3008 3009 3010 3011 3012 3013 3014 3015 3016 3017 3018 3019 3020 3021 3022 3023 3024 3025 3026 3027 3028 3029 3030 3031 3032 3033 3034 3035 3036 3037 3038 3039 3040 3041 3042 3043 3044 3045 3046 3047 3048 3049 3050 3051 3052 3053 3054 3055 3056 3057 3058 3059 3060 3061 3062 3063 3064 3065 3066 3067 3068 3069 3070 3071 3072 3073 3074 3075 3096 3097 3098 3099 3100 3101 3102 3103 3104 3105 
	}
	ai_will_propagate_through_trade=yes
}
dragontail_tn={
	location=6257
	color={
		33 15 68 
	}
	inland=yes
	outgoing={
		name="alikr_tn"
		path={
			6257 6316 1871 
		}
		control={
			934.000000 1851.000000 895.000000 1786.000000 813.000000 1764.000000 784.000000 1686.000000 694.000000 1647.000000 
		}
	}
	outgoing={
		name="corten_heights_tn"
		path={
			6257 6196 3752 
		}
		control={
			976.000000 1809.000000 918.000000 1749.000000 937.000000 1666.000000 
		}
	}
	members={
		1456 1457 1458 1459 1460 6071 6072 6073 6074 6075 1461 1462 1463 1464 1465 6076 6077 6078 6079 6080 1466 1467 1468 1469 1470 6081 6082 6083 6084 6085 1471 1472 1473 1474 1475 6086 6087 6088 6089 6090 1486 1487 1488 1489 1490 6101 6102 6103 6104 6105 6161 6162 6163 6164 6165 6166 6167 6168 6169 6170 6171 6172 6173 6174 6175 6176 6177 6178 6179 6180 6181 6182 6183 6184 6185 6186 6187 6188 6189 6190 6241 6242 6243 6244 6245 6246 6247 6248 6249 6250 6251 6252 6253 6254 6255 6256 6257 6258 6259 6260 6261 6262 6263 6264 6265 6266 6267 6268 6269 6270 6271 6272 6273 6274 6275 6276 6277 6278 6279 6280 6281 6282 6283 6284 6285 6286 6287 6288 6289 6290 6291 6292 6293 6294 6295 6296 6297 6298 6299 6300 6301 6302 6303 6304 6305 6306 6307 6308 6309 6310 
	}
	ai_will_propagate_through_trade=yes
}
alikr_tn={
	location=91
	color={
		138 58 50 
	}
	outgoing={
		name="corten_heights_tn"
		path={
			1871 1478 3752 
		}
		control={
			762.000000 1599.000000 872.000000 1640.000000 
		}
	}
	outgoing={
		name="auridon_tn"
		path={
			1871 83 
		}
		control={
			660.000000 1524.000000 704.000000 1455.000000 642.000000 1388.000000 
		}
	}
	outgoing={
		name="golden_coast_tn"
		path={
			1871 3754 74 
		}
		control={
			776.000000 1556.000000 849.000000 1446.000000 934.000000 1457.000000 975.000000 1454.000000 
		}
	}
	members={
		1491 1492 1493 1494 1495 6106 6107 6108 6109 6110 1496 1497 1498 1499 1500 6111 6112 6113 6114 6115 1501 1502 1503 1504 1505 6116 6117 6118 6119 6120 1506 1507 1508 1509 1510 6121 6122 6123 6124 6125 6311 6312 6313 6314 6315 6316 6317 6318 6319 6320 6321 6322 6323 6324 6325 6326 6327 6328 6329 6330 6331 6332 6333 6334 6335 6336 6337 6338 6339 6340 6341 6342 6343 6344 6345 6346 6347 6348 6349 6350 6351 6352 6353 6354 6355 6356 6357 6358 6359 6360 6361 6362 6363 6364 6365 6366 6367 6368 6369 6370 6371 6372 6373 6374 6375 6376 6377 6378 6379 6380 6381 6382 6383 6384 6385 6386 6387 6388 6389 6390 6391 6392 6393 6394 6395 6396 6397 6398 6399 6400 6401 6402 6403 6404 6405 6406 6407 6408 6409 6410 6411 6412 6413 6414 6415 6416 6417 6418 6419 6420 91 
	}
	ai_will_propagate_through_trade=yes
}
corten_heights_tn={
	location=3716
	color={
		60 175 91 
	}
	outgoing={
		name="golden_coast_tn"
		path={
			3752 3755 74 
		}
		control={
			928.000000 1548.000000 1007.000000 1491.000000 
		}
	}
	outgoing={
		name="colovia_tn"
		path={
			3752 5718 5657 
		}
		control={
			1012.000000 1557.000000 1130.000000 1564.000000 1193.000000 1604.000000 
		}
	}
	members={
		1446 1447 1448 1449 1450 6061 6062 6063 6064 6065 1451 1452 1453 1454 1455 6066 6067 6068 6069 6070 1476 1477 1478 1479 1514 6091 6092 6093 6094 6095 1481 1482 1483 1484 1515 6096 6097 6098 6099 6100 1480 1485 1511 1512 1513 6126 6127 6128 6129 6130 6131 6132 6133 6134 6135 6136 6137 6138 6139 6140 6141 6142 6143 6144 6145 6146 6147 6148 6149 6150 6151 6152 6153 6154 6155 6156 6157 6158 6159 6160 6191 6192 6193 6194 6195 6196 6197 6198 6199 6200 6201 6202 6203 6204 6205 6206 6207 6208 6209 6210 6211 6212 6213 6214 6215 6216 6217 6218 6219 6220 6221 6222 6223 6224 6225 6226 6227 6228 6229 6230 6231 6232 6233 6234 6235 6236 6237 6238 6239 6240 6421 6422 6423 6424 6425 6426 6427 6428 6429 6430 6431 6432 6433 6434 6435 6436 6437 6438 6439 6440 3716 
	}
	ai_will_propagate_through_trade=yes
}
southern_valenwood_tn={
	location=3708
	color={
		36 85 114 
	}
	outgoing={
		name="northern_valenwood_tn"
		path={
			1897 5001 4950 
		}
		control={
			1016.000000 1280.000000 1072.000000 1314.000000 
		}
	}
	outgoing={
		name="golden_coast_tn"
		path={
			1897 4980 74 
		}
		control={
			962.559998 1267.599976 995.000000 1332.000000 974.000000 1385.000000 1005.000000 1429.000000 
		}
	}
	outgoing={
		name="auridon_tn"
		path={
			1897 4823 83 
		}
		control={
			961.000000 1231.000000 907.549988 1233.859985 815.000000 1286.000000 770.000000 1381.000000 720.000000 1405.000000 662.000000 1347.000000 
		}
	}
	outgoing={
		name="summerset_tn"
		path={
			1897 303 1885 
		}
		control={
			908.000000 1201.000000 731.000000 1245.000000 638.000000 1192.000000 543.000000 1247.000000 
		}
	}
	members={
		824 825 826 827 828 4856 4857 4858 4859 4860 834 835 836 837 838 4866 4867 4868 4869 4870 839 840 841 842 843 4871 4872 4873 4874 4875 844 845 846 847 848 4876 4877 4878 4879 4880 849 850 851 852 853 4881 4882 4883 4884 4885 854 855 856 857 858 4886 4887 4888 4889 4890 859 860 861 862 863 4891 4892 4893 4894 4895 864 865 866 867 868 4896 4897 4898 4899 4900 874 875 876 877 878 4906 4907 4908 4909 4910 4916 4917 4918 4919 4920 4921 4922 4923 4924 4925 4926 4927 4928 4929 4930 4931 4932 4933 4934 4935 4936 4937 4938 4939 4940 4941 4942 4943 4944 4945 4956 4957 4958 4959 4960 4961 4962 4963 4964 4965 4966 4967 4968 4969 4970 4971 4972 4973 4974 4975 4986 4987 4988 4989 4990 4991 4992 4993 4994 4995 3708 
	}
	ai_will_propagate_through_trade=yes
}
auridon_tn={
	location=3722
	color={
		33 98 203 
	}
	outgoing={
		name="summerset_tn"
		path={
			83 4754 1885 
		}
		control={
			601.000000 1341.000000 553.000000 1344.000000 494.000000 1341.000000 497.000000 1300.000000 478.000000 1274.000000 
		}
	}
	outgoing={
		name="golden_coast_tn"
		path={
			83 1881 74 
		}
		control={
			666.000000 1377.000000 708.000000 1421.000000 787.000000 1410.000000 893.000000 1432.000000 970.000000 1419.000000 
		}
	}
	members={
		251 252 253 254 255 4606 4607 4608 4609 4610 256 257 258 259 260 4611 4612 4613 4614 4615 282 283 284 287 288 4636 4637 4638 4639 4640 289 290 291 292 293 4641 4642 4643 4644 4645 294 295 296 297 298 4646 4647 4648 4649 4650 302 303 306 307 308 4651 4652 4653 4654 4655 299 300 301 304 305 4656 4657 4658 4659 4660 4671 4672 4673 4674 4675 4676 4677 4678 4679 4680 4681 4682 4683 4684 4685 4686 4687 4688 4689 4690 4731 4732 4733 4734 4735 4736 4737 4738 4739 4740 4741 4742 4743 4744 4745 4746 4747 4748 4749 4750 4761 4762 4763 4764 4765 4766 4767 4768 4769 4770 4801 4802 4803 4804 4805 4806 4807 4808 4809 4810 4821 4822 4823 4824 4825 4826 4827 4828 4829 4830 4831 4832 4833 4834 4835 4836 4837 4838 4839 4840 3722 
	}
	ai_will_propagate_through_trade=yes
}
golden_coast_tn={
	location=1875
	color={
		145 251 108 
	}
	outgoing={
		name="northern_valenwood_tn"
		path={
			74 70 4950 
		}
		control={
			1037.000000 1438.000000 1077.000000 1434.000000 1085.000000 1404.000000 
		}
	}
	outgoing={
		name="colovia_tn"
		path={
			74 1173 5657 
		}
		control={
			1093.000000 1478.000000 1132.000000 1532.000000 1204.000000 1558.000000 
		}
	}
	members={
		1142 1143 1144 1145 1146 5326 5327 5328 5329 5330 1147 1148 1149 1150 1151 5331 5332 5333 5334 5335 1152 1153 1154 1155 1156 5336 5337 5338 5339 5340 1157 1158 1159 1160 1161 5341 5342 5343 5344 5345 1162 1163 1164 1165 1166 5346 5347 5348 5349 5350 1167 1168 1169 1170 1171 5351 5352 5353 5354 5355 1172 1173 1174 1175 1176 5356 5357 5358 5359 5360 5661 5662 5663 5664 5665 5666 5667 5668 5669 5670 5681 5682 5683 5684 5685 5686 5687 5688 5689 5690 5691 5692 5693 5694 5695 5696 5697 5698 5699 5700 5701 5702 5703 5704 5705 5706 5707 5708 5709 5710 5711 5712 5713 5714 5715 5716 5717 5718 5719 5720 5721 5722 5723 5724 5725 5726 5727 5728 5729 5730 5731 5732 5733 5734 5735 5736 5737 5738 5739 5740 5751 5752 5753 5754 5755 5756 5757 5758 5759 5760 1875 
	}
	ai_will_propagate_through_trade=yes
}
northern_valenwood_tn={
	location=4950
	color={
		184 20 36 
	}
	inland=yes
	outgoing={
		name="colovia_tn"
		path={
			4950 1144 5657 
		}
		control={
			1134.000000 1449.000000 1209.000000 1495.000000 1221.000000 1555.000000 
		}
	}
	outgoing={
		name="anequina_tn"
		path={
			4950 888 926 
		}
		control={
			1201.000000 1409.000000 1309.000000 1347.000000 
		}
	}
	members={
		809 810 811 812 813 4841 4842 4843 4844 4845 814 815 816 817 818 4846 4847 4848 4849 4850 819 820 821 822 823 4851 4852 4853 4854 4855 829 830 831 832 833 4861 4862 4863 4864 4865 869 870 871 872 873 4901 4902 4903 4904 4905 879 880 881 882 883 4911 4912 4913 4914 4915 4946 4947 4948 4949 4950 4951 4952 4953 4954 4955 4976 4977 4978 4979 4980 4981 4982 4983 4984 4985 4996 4997 4998 4999 5000 5001 5002 5003 5004 5005 5006 5007 5008 5009 5010 5011 5012 5013 5014 5015 5016 5017 5018 5019 5020 5021 5022 5023 5024 5025 5026 5027 5028 5029 5030 5031 5032 5033 5034 5035 5036 5037 5038 5039 5040 5041 5042 5043 5044 5045 5046 5047 5048 5049 5050 5051 5052 5053 5054 5055 5056 5057 5058 5059 5060 5061 5062 5063 5064 5065 
	}
	ai_will_propagate_through_trade=yes
}
colovia_tn={
	location=5657
	color={
		200 200 102 
	}
	inland=yes
	outgoing={
		name="anequina_tn"
		path={
			5657 5136 926 
		}
		control={
			1227.000000 1536.000000 1257.000000 1476.000000 1257.270020 1425.869995 1338.000000 1423.000000 
		}
	}
	outgoing={
		name="heartlands_tn"
		path={
			5657 1191 1206 
		}
		control={
			1314.000000 1611.000000 1394.000000 1595.000000 
		}
	}
	outgoing={
		name="jeral_tn"
		path={
			5657 1184 1194 
		}
		control={
			1254.000000 1647.000000 1335.000000 1662.000000 1387.000000 1733.000000 
		}
	}
	members={
		1137 1138 1139 1140 1141 5321 5322 5323 5324 5325 1187 1188 1189 1190 1191 5371 5372 5373 5374 5375 5591 5592 5593 5594 5595 5596 5597 5598 5599 5600 5581 5582 5583 5584 5585 5586 5587 5588 5589 5590 5601 5602 5603 5604 5605 5606 5607 5608 5609 5610 5611 5612 5613 5614 5615 5616 5617 5618 5619 5620 5621 5622 5623 5624 5625 5626 5627 5628 5629 5630 5631 5632 5633 5634 5635 5636 5637 5638 5639 5640 5641 5642 5643 5644 5645 5646 5647 5648 5649 5650 5651 5652 5653 5654 5655 5656 5657 5658 5659 5660 5671 5672 5673 5674 5675 5676 5677 5678 5679 5680 5741 5742 5743 5744 5745 5746 5747 5748 5749 5750 5761 5762 5763 5764 5765 5766 5767 5768 5769 5770 5771 5772 5773 5774 5775 5776 5777 5778 5779 5780 5781 5782 5783 5784 5785 5786 5787 5788 5789 5790 
	}
	ai_will_propagate_through_trade=yes
}
anequina_tn={
	location=926
	color={
		78 50 187 
	}
	inland=yes
	outgoing={
		name="nibenay_tn"
		path={
			926 946 125 
		}
		control={
			1466.000000 1346.000000 1502.000000 1274.000000 
		}
	}
	outgoing={
		name="heartlands_tn"
		path={
			926 1130 1206 
		}
		control={
			1465.000000 1402.000000 1524.000000 1386.000000 1521.000000 1423.000000 1476.000000 1443.000000 1486.000000 1514.000000 1442.000000 1567.000000 
		}
	}
	members={
		884 885 886 887 888 5066 5067 5068 5069 5070 889 890 891 892 893 5071 5072 5073 5074 5075 894 895 896 897 898 5076 5077 5078 5079 5080 899 900 901 902 903 5081 5082 5083 5084 5085 904 905 906 907 908 5086 5087 5088 5089 5090 909 910 911 912 913 5091 5092 5093 5094 5095 914 915 916 917 918 5096 5097 5098 5099 5100 924 925 926 927 935 5106 5107 5108 5109 5110 5131 5132 5133 5134 5135 5136 5137 5138 5139 5140 5141 5142 5143 5144 5145 5146 5147 5148 5149 5150 5211 5212 5213 5214 5215 5216 5217 5218 5219 5220 5221 5222 5223 5224 5225 5226 5227 5228 5229 5230 5231 5232 5233 5234 5235 5236 5237 5238 5239 5240 5281 5282 5283 5284 5285 5286 5287 5288 5289 5290 5291 5292 5293 5294 5295 5296 5297 5298 5299 5300 
	}
	ai_will_propagate_through_trade=yes
}
nibenay_tn={
	location=60
	color={
		204 119 31 
	}
	outgoing={
		name="valus_tn"
		path={
			125 1214 1251 
		}
		control={
			1541.000000 1338.000000 1605.000000 1386.000000 1612.000000 1465.000000 
		}
	}
	outgoing={
		name="shadowfen_tn"
		path={
			125 1081 1069 
		}
		control={
			1613.000000 1318.000000 1727.000000 1318.000000 1782.000000 1382.000000 
		}
	}
	members={
		1117 1118 1119 1120 1121 5301 5302 5303 5304 5305 1122 1123 1124 1125 1126 5306 5307 5308 5309 5310 1212 1213 1214 1215 1216 5396 5397 5398 5399 5400 1217 1218 1219 1220 1221 5401 5402 5403 5404 5405 1222 1223 1224 1225 1226 5406 5407 5408 5409 5410 1227 1228 1229 1230 1231 5411 5412 5413 5414 5415 5441 5442 5443 5444 5445 5446 5447 5448 5449 5450 5451 5452 5453 5454 5455 5456 5457 5458 5459 5460 5461 5462 5463 5464 5465 5466 5467 5468 5469 5470 5471 5472 5473 5474 5475 5476 5477 5478 5479 5480 5481 5482 5483 5484 5485 5486 5487 5488 5489 5490 5491 5492 5493 5494 5495 5496 5497 5498 5499 5500 5501 5502 5503 5504 5505 5506 5507 5508 5509 5510 5511 5512 5513 5514 5515 5516 5517 5518 5519 5520 6051 6052 6053 6054 6055 6056 6057 6058 6059 6060 60 
	}
	ai_will_propagate_through_trade=yes
}
shadowfen_tn={
	location=1069
	color={
		45 200 245 
	}
	inland=yes
	outgoing={
		name="deshaan_tn"
		path={
			1069 981 990 
		}
		control={
			1834.000000 1436.000000 1877.000000 1480.000000 
		}
	}
	outgoing={
		name="valus_tn"
		path={
			1069 1242 1251 
		}
		control={
			1784.000000 1421.000000 1742.000000 1464.000000 1678.000000 1453.000000 
		}
	}
	members={
		1063 1064 1065 1066 1067 6441 6442 6443 6444 6445 1068 1069 1073 1076 1077 6446 6447 6448 6449 6450 1070 1071 1072 1074 1078 6451 6452 6453 6454 6455 6491 6492 6493 6494 6495 6496 6497 6498 6499 6500 6501 6502 6503 6504 6505 6506 6507 6508 6509 6510 6511 6512 6513 6514 6515 6516 6517 6518 6519 6520 6521 6522 6523 6524 6525 6526 6527 6528 6529 6530 6531 6532 6533 6534 6535 6536 6537 6538 6539 6540 6541 6542 6543 6544 6545 6546 6547 6548 6549 6550 6551 6552 6553 6554 6555 6556 6557 6558 6559 6560 6561 6562 6563 6564 6565 6566 6567 6568 6569 6570 6571 6572 6573 6574 6575 6576 6577 6578 6579 6580 6581 6582 6583 6584 6585 6586 6587 6588 6589 6590 6591 6592 6593 6594 6595 6596 6597 6598 6599 6600 6601 6602 6603 6604 6605 6606 6607 6608 6609 6610 
	}
	ai_will_propagate_through_trade=yes
}
deshaan_tn={
	location=990
	color={
		90 45 143 
	}
	inland=yes
	outgoing={
		name="morrowind_tn"
		path={
			990 1002 
		}
		control={
			1915.000000 1557.000000 1987.000000 1561.000000 2005.000000 1630.000000 
		}
	}
	outgoing={
		name="velothi_tn"
		path={
			990 1868 
		}
		control={
			1848.000000 1562.000000 1789.000000 1584.000000 1799.000000 1648.000000 1744.000000 1710.000000 1778.000000 1735.000000 
		}
	}
	members={
		969 970 971 972 973 974 975 976 977 978 979 980 981 982 983 989 990 991 992 993 3216 3217 3218 3219 3220 3221 3222 3223 3224 3225 3226 3227 3228 3229 3230 3236 3237 3238 3239 3240 3421 3422 3423 3424 3425 3426 3427 3428 3429 3430 3431 3432 3433 3434 3435 3436 3437 3438 3439 3440 3771 3772 3773 3774 3775 3776 3777 3778 3779 3780 3781 3782 3783 3784 3785 3786 3787 3788 3789 3790 3791 3792 3793 3794 3795 3796 3797 3798 3799 3800 3801 3802 3803 3804 3805 3806 3807 3808 3809 3810 3811 3812 3813 3814 3815 3816 3817 3818 3819 3820 3821 3822 3823 3824 3825 3826 3827 3828 3829 3830 3831 3832 3833 3834 3835 3836 3837 3838 3839 3840 3841 3842 3843 3844 3845 3846 3847 3848 3849 3850 3851 3852 3853 3854 3855 3856 3857 3858 3859 3860 
	}
	ai_will_propagate_through_trade=yes
}
llothanis_tn={
	location=4431
	color={
		230 80 37 
	}
	outgoing={
		name="morrowind_tn"
		path={
			3695 1002 
		}
		control={
			2138.000000 1759.000000 2085.000000 1724.000000 2061.000000 1674.000000 
		}
	}
	outgoing={
		name="velothi_tn"
		path={
			3695 1866 1868 
		}
		control={
			2078.000000 1868.000000 2014.000000 1825.000000 1887.000000 1853.000000 1813.000000 1817.000000 1799.000000 1769.000000 
		}
	}
	members={
		1009 1010 1011 1012 1013 3256 3257 3258 3259 3260 1014 1015 1016 1017 1018 3261 3262 3263 3264 3265 1019 1020 1021 1022 1023 3266 3267 3268 3269 3270 1024 1025 1026 1027 1028 3271 3272 3273 3274 3275 1029 1030 1031 1032 1033 3276 3277 3278 3279 3280 1034 1035 1036 1037 1038 3281 3282 3283 3284 3285 4001 4002 4003 4004 4005 4006 4007 4008 4009 4010 4011 4012 4013 4014 4015 4016 4017 4018 4019 4020 4031 4032 4033 4034 4035 4036 4037 4038 4039 4040 4041 4042 4043 4044 4045 4046 4047 4048 4049 4050 4051 4052 4053 4054 4055 4056 4057 4058 4059 4060 4081 4082 4083 4084 4085 4086 4087 4088 4089 4090 4091 4092 4093 4094 4095 4096 4097 4098 4099 4100 4101 4102 4103 4104 4105 4106 4107 4108 4109 4110 4111 4112 4113 4114 4115 4116 4117 4118 4119 4120 4431 
	}
	ai_will_propagate_through_trade=yes
}
rift_tn={
	location=1268
	color={
		80 40 180 
	}
	inland=yes
	outgoing={
		name="velothi_tn"
		path={
			1268 965 1868 
		}
		control={
			1657.000000 1780.000000 1703.000000 1808.000000 
		}
	}
	outgoing={
		name="jeral_tn"
		path={
			1268 5875 1194 
		}
		control={
			1547.000000 1799.000000 1459.000000 1817.000000 1424.000000 1791.000000 1428.000000 1765.000000 
		}
	}
	members={
		1264 1265 1266 1267 1268 7076 7077 7078 7079 7080 1269 1270 1271 1272 1273 7081 7082 7083 7084 7085 1279 1280 1281 1282 1283 7091 7092 7093 7094 7095 1284 1285 1286 1287 1288 7096 7097 7098 7099 7100 1310 1311 1312 1313 1318 7121 7122 7123 7124 7125 2806 2807 2808 2809 2810 2811 2812 2813 2814 2815 2816 2817 2818 2819 2820 2921 2922 2923 2924 2925 2926 2927 2928 2929 2930 2931 2932 2933 2934 2935 2936 2937 2938 2939 2940 2941 2942 2943 2944 2945 2996 2997 2998 2999 3000 3001 3002 3003 3004 3005 3076 3077 3078 3079 3080 3081 3082 3083 3084 3085 3086 3087 3088 3089 3090 3091 3092 3093 3094 3095 3106 3107 3108 3109 3110 3111 3112 3113 3114 3115 3116 3117 3118 3119 3120 3121 3122 3123 3124 3125 3126 3127 3128 3129 3130 3131 3132 3133 3134 3135 3136 3137 3138 3139 3140 3191 3192 3193 3194 3195 
	}
	ai_will_propagate_through_trade=yes
}
jeral_tn={
	location=1194
	color={
		98 50 23 
	}
	inland=yes
	outgoing={
		name="heartlands_tn"
		path={
			1194 5854 1206 
		}
		control={
			1399.000000 1663.000000 
		}
	}
	outgoing={
		name="velothi_tn"
		path={
			1194 1238 1868 
		}
		control={
			1482.000000 1742.000000 1549.000000 1773.000000 1629.000000 1764.000000 1682.000000 1776.000000 
		}
	}
	members={
		1177 1178 1179 1180 1181 5361 5362 5363 5364 5365 1182 1183 1184 1185 1186 5366 5367 5368 5369 5370 1192 1193 1194 1195 1196 5376 5377 5378 5379 5380 5791 5792 5793 5794 5795 5796 5797 5798 5799 5800 5801 5802 5803 5804 5805 5806 5807 5808 5809 5810 5811 5812 5813 5814 5815 5816 5817 5818 5819 5820 5821 5822 5823 5824 5825 5826 5827 5828 5829 5830 5831 5832 5833 5834 5835 5836 5837 5838 5839 5840 5841 5842 5843 5844 5845 5846 5847 5848 5849 5850 5851 5852 5853 5854 5855 5856 5857 5858 5859 5860 5861 5862 5863 5864 5865 5866 5867 5868 5869 5870 5871 5872 5873 5874 5875 5876 5877 5878 5879 5880 5881 5882 5883 5884 5885 5886 5887 5888 5889 5890 5891 5892 5893 5894 5895 5896 5897 5898 5899 5900 5901 5902 5903 5904 5905 5906 5907 5908 5909 5910 
	}
	ai_will_propagate_through_trade=yes
}
valus_tn={
	location=1251
	color={
		102 98 230 
	}
	inland=yes
	outgoing={
		name="velothi_tn"
		path={
			1251 1238 1868 
		}
		control={
			1656.000000 1581.000000 1635.000000 1667.000000 1668.000000 1713.000000 1666.000000 1743.000000 1748.000000 1747.000000 
		}
	}
	outgoing={
		name="heartlands_tn"
		path={
			1251 5966 1206 
		}
		control={
			1578.000000 1517.000000 1537.000000 1577.000000 1469.000000 1590.000000 
		}
	}
	members={
		1237 1238 1239 1240 1241 5421 5422 5423 5424 5425 1232 1233 1234 1235 1236 5416 5417 5418 5419 5420 1242 1243 1244 1245 1246 5426 5427 5428 5429 5430 1247 1248 1249 1250 1251 5431 5432 5433 5434 5435 1252 1253 1254 1255 1256 5436 5437 5438 5439 5440 5921 5922 5923 5924 5925 5926 5927 5928 5929 5930 5931 5932 5933 5934 5935 5936 5937 5938 5939 5940 5941 5942 5943 5944 5945 5946 5947 5948 5949 5950 5971 5972 5973 5974 5975 5976 5977 5978 5979 5980 5981 5982 5983 5984 5985 5986 5987 5988 5989 5990 6001 6002 6003 6004 6005 6006 6007 6008 6009 6010 6011 6012 6013 6014 6015 6016 6017 6018 6019 6020 6021 6022 6023 6024 6025 6026 6027 6028 6029 6030 6031 6032 6033 6034 6035 6036 6037 6038 6039 6040 6041 6042 6043 6044 6045 6046 6047 6048 6049 6050 
	}
	ai_will_propagate_through_trade=yes
}
velothi_tn={
	location=4401
	color={
		102 133 210 
	}
	outgoing={
		name="heartlands_tn"
		path={
			1868 5905 1206 
		}
		control={
			1714.000000 1757.000000 1532.000000 1737.000000 1494.000000 1654.000000 1455.000000 1633.000000 
		}
	}
	outgoing={
		name="morrowind_tn"
		path={
			1868 985 1002 
		}
		control={
			1816.000000 1722.000000 1880.000000 1718.000000 1985.000000 1713.000000 
		}
	}
	members={
		949 950 951 952 953 3196 3197 3198 3199 3200 954 955 956 957 958 3201 3202 3203 3204 3205 959 960 961 962 963 3206 3207 3208 3209 3210 964 965 966 967 968 3211 3212 3213 3214 3215 3311 3312 3313 3314 3315 3316 3317 3318 3319 3320 3321 3322 3323 3324 3325 3326 3327 3328 3329 3330 3331 3332 3333 3334 3335 3336 3337 3338 3339 3340 3341 3342 3343 3344 3345 3346 3347 3348 3349 3350 3351 3352 3353 3354 3355 3356 3357 3358 3359 3360 3361 3362 3363 3364 3365 3366 3367 3368 3369 3370 3371 3372 3373 3374 3375 3376 3377 3378 3379 3380 3381 3382 3383 3384 3385 3386 3387 3388 3389 3390 3391 3392 3393 3394 3395 3396 3397 3398 3399 3400 3401 3402 3403 3404 3405 3406 3407 3408 3409 3410 3411 3412 3413 3414 3415 3416 3417 3418 3419 3420 4401 
	}
	ai_will_propagate_through_trade=yes
}
summerset_tn={
	location=81
	color={
		126 203 120 
	}
	members={
		246 247 248 249 250 4601 4602 4603 4604 4605 261 262 263 264 265 4616 4617 4618 4619 4620 266 267 268 269 270 4621 4622 4623 4624 4625 271 272 274 275 276 4626 4627 4628 4629 4630 277 278 279 280 281 4631 4632 4633 4634 4635 4661 4662 4663 4664 4665 4666 4667 4668 4669 4670 4691 4692 4693 4694 4695 4696 4697 4698 4699 4700 4701 4702 4703 4704 4705 4706 4707 4708 4709 4710 4711 4712 4713 4714 4715 4716 4717 4718 4719 4720 4721 4722 4723 4724 4725 4726 4727 4728 4729 4730 4751 4752 4753 4754 4755 4756 4757 4758 4759 4760 4771 4772 4773 4774 4775 4776 4777 4778 4779 4780 4781 4782 4783 4784 4785 4786 4787 4788 4789 4790 4791 4792 4793 4794 4795 4796 4797 4798 4799 4800 4811 4812 4813 4814 4815 4816 4817 4818 4819 4820 81 
	}
	end=yes
	ai_will_propagate_through_trade=yes
}
heartlands_tn={
	location=1206
	color={
		97 126 37 
	}
	inland=yes
	members={
		1127 1128 1129 1130 1131 5311 5312 5313 5314 5315 1132 1133 1134 1135 1136 5316 5317 5318 5319 5320 1197 1198 1199 1200 1201 5381 5382 5383 5384 5385 1202 1203 1204 1205 1206 5386 5387 5388 5389 5390 1207 1208 1209 1210 1211 5391 5392 5393 5394 5395 5521 5522 5523 5524 5525 5526 5527 5528 5529 5530 5531 5532 5533 5534 5535 5536 5537 5538 5539 5540 5541 5542 5543 5544 5545 5546 5547 5548 5549 5550 5551 5552 5553 5554 5555 5556 5557 5558 5559 5560 5561 5562 5563 5564 5565 5566 5567 5568 5569 5570 5571 5572 5573 5574 5575 5576 5577 5578 5579 5580 5911 5912 5913 5914 5915 5916 5917 5918 5919 5920 5951 5952 5953 5954 5955 5956 5957 5958 5959 5960 5961 5962 5963 5964 5965 5966 5967 5968 5969 5970 5991 5992 5993 5994 5995 5996 5997 5998 5999 6000 
	}
	end=yes
	ai_will_propagate_through_trade=yes
}
morrowind_tn={
	location=1002
	color={
		215 56 56 
	}
	inland=yes
	members={
		984 985 986 987 988 994 995 996 997 998 999 1000 1001 1002 1003 1004 1005 1006 1007 1008 3231 3232 3233 3234 3235 3241 3242 3243 3244 3245 3246 3247 3248 3249 3250 3251 3252 3253 3254 3255 3901 3902 3903 3904 3905 3906 3907 3908 3909 3910 3911 3912 3913 3914 3915 3916 3917 3918 3919 3920 3921 3922 3923 3924 3925 3926 3927 3928 3929 3930 3931 3932 3933 3934 3935 3936 3937 3938 3939 3940 3941 3942 3943 3944 3945 3946 3947 3948 3949 3950 3951 3952 3953 3954 3955 3956 3957 3958 3959 3960 3961 3962 3963 3964 3965 3966 3967 3968 3969 3970 3971 3972 3973 3974 3975 3976 3977 3978 3979 3980 3981 3982 3983 3984 3985 3986 3987 3988 3989 3990 3991 3992 3993 3994 3995 3996 3997 3998 3999 4000 4021 4022 4023 4024 4025 4026 4027 4028 4029 4030 
	}
	end=yes
	ai_will_propagate_through_trade=yes
}
