##################################################################
### Terrain Categories
###
### Terrain types: plains, mountains, hills, desert, artic, forest, jungle, marsh, pti
### Types are used by the game to apply certain bonuses/maluses on movement/combat etc.
###
### Sound types: plains, forest, desert, sea, jungle, mountains

categories =  {
	pti = {
		type = pti
	}

	ocean = {
		color = { 255 255 255 }

		sound_type = sea
		is_water = yes

		movement_cost = 1.25
		
	}

	inland_ocean = {
		color = { 0 0 200 }

		sound_type = sea
		is_water = yes
		inland_sea = yes

		movement_cost = 1.0
		
		terrain_override = {	
            42 43 44 45 46 48 51 52 41 53 54 55 56 60 61 62 91
			57 58 59 92 65 66 67 68 69 70 71 72 73 74 81 82 83 84
			198 605 101 102 103 104 105 106 107 108 109 110 111 112 199 200 201 202 203
			204 205 206 207 208 120 121 122 123 124 125 126 127 128 129
			130 131 132 142 149 150
			170 171 172 173 174 175 176 177 184 185 186 187
			188 189 190 191 192 193
			1959 1958 1957 1982 1983 1984 1861 1862 1863 1864 1865 1872
			1873 1874 1875 1876 1866 1867 1868 1869 1899 1900
			1922 1923 1902 1903
			1904 1905 1906 1907 1908 1909 1910 1911 1912 1913 1914 1915
			1916 1917 1918 1919 1920 1921 1870 1871 1897 1898 1924 1925 
			1926 1927 1928 1975 1981 
			3716 3717 3721 3722 3751 3752 3753 3754 3755 3756
		}
	}	
	
	glacier = {
		color = { 235 235 235 }

		sound_type = desert

		defence = 1
		local_defensiveness = 0.25
		movement_cost = 1.25
		local_development_cost = 0.5
		supply_limit = 10		
		
		local_build_cost = 0.50
        local_build_time = 0.50
        regiment_recruit_speed = 0.50
        ship_recruit_speed = 0.50
		local_institution_spread = -0.50
		
		terrain_override = {
			423 419 418 417 416 420 361 358 357 362 359 434 433 431 432
			372 376 377 384 472 474 470 468 469 440 387 363 364 366 356
			367 369 490 489 488 487 486 512 510 509 506 503 495 494
			2495 2499 2498 2497 2496 2493 2494 2416 2417 2418 2411 2419 2401 2402 2408 2403 2409
			2407 2400 2399 2398 2395 2265 2264 2268 2266 2267 497
			2269 2260 2261 2257 2258 2259 2247 2246 2245 2249 2248 2244 2234 2237 2238 2239 2236 2235 2231 2230 
			2185 2348 2355 2354 2353 2351 2190 2189 2188 2193 2192 2191 2512 2513 2514
			2253 2252 2250 2243 1565 2187 2328 2322 2321 2320 1574 
			1573 2199 2198 2197 2276 2270 2275 2202 1576 2278 2273 2272 2279
			1575 2207 2305 2309 2340 2363 2365 2427 2425 2423 2421 2431 2430 2432 2378
			2434 2435 2436 2439 2438 2368 2367 2375 2373 2371 2445 2446 2447 2448 2449
			2366 2485 2486 2310 2312 2314 2316 2318 2460 2341 2511
			2539 2537 2538 2520 2521 2522 2529 2528 2525 2554 2553 2545 2547 2598 2599 2605 2543 2606 2607 2614 2613 2611
		}
		
	}
	
	farmlands = {
		color = { 137 104 165 }

		type = plains
		sound_type = plains

		movement_cost = 1.15
		local_development_cost = -0.30
		supply_limit = 35
		
		local_build_cost = -0.30
        local_build_time = -0.30
        regiment_recruit_speed = -0.30
        ship_recruit_speed = -0.30
		local_institution_spread = 0.30
		
		terrain_override = {
			998 700 699 697 701 698
		    727 724 723 728 730 731
			1206 1652 5529 5321 5311 1129 5314 1656 1655 1633
			1614
			5319 5320 1136 1135 5550 5546 5545 5544 5547 5548
			5549 5535 5532 5553 5555 5554 5913 5552 5551 5568
			5569 5572 5571 5574 5573 5576 5578 5577 5586 5582
			5583 5570 5566 5562 5581 5322 1141 1139 5323 1140
			5915 1138 1137 5312 5533 5534 5559 1249 1185 5367
			5369 5370 5368 5366 5827 5830 1182 5832 5840 5835
			5837 5836 5852 5381 5854 5855 5856 5857 5858 1250
			5431 1247 6036 6037 5419 6039 6040 6000 5996 5995
            5994 5997 5999 5993 5998 5992 5988 5986 5987 5989
			5962 5961 5966 5964 5965 5991 5960 5959 5951 5954
			5958 5957 5956 5955 5917 5914 5916 3245 3241 3242 
			3243 1653 1654 1657 1658
		}
		
	}
	
	forest = {
		color = { 91 123 45 }

		type = forest
		sound_type = forest
		
		defence = 1
		local_defensiveness = 0.25
		movement_cost = 1.35
		local_development_cost = -0.15
		supply_limit = 25
		
		local_build_cost = -0.15
        local_build_time = -0.15
        regiment_recruit_speed = -0.15
        ship_recruit_speed = -0.15
		local_institution_spread = 0.15
		
		terrain_override = {
			813 811 810 871 870 818 865 860 877
			874 876 878 875 843 851 850 849 852 835
			834 836 837 838 740
			4852 4853 4977 4903 4902 4905 4904 4846 4847 4863
			4862 4848 4849 4850 5047 5050 5051 5048 5061 5056
			5057 5060 5063 5058 5059 5064 5065 4856 5009 5010
			5011 5014 5038 5040 5042 5045 5044 4861 4898 4897
			4930 4933 4931 4928 4927 4906 4929 4889 4932 4935
			5017 5019 5025 5031 5035 5032 5029 5030 5026 5027
			4886 4887 4989 5028 5033 5034 5015 5013 5008 5012
			5007 5006 4939 4940 4942 4857 4859 4858 4871 4872
			4876 4877 4878 4879 4880 4873 4874 4875 4993 4994
			4995 4991 4986 4870 4959 4960 4963 4961 4958 4975
			4974 4972 4970 4885 4881 4860 4869 4866 4867 5596
			5769 5780 5777 5775 5786 5787 5788 5784 5789 5790
			5610 5608 5606 5633 5632 5634 5631 5636 5326 1146
			5601 5600 5599 4868 5598 5597 5595 5593 5591 5619
			5620 5616 5617 5618 5615 5628 5625 5778 5674 5675
			5785 5365 2529 4979 4978 4854
		}
	}
	
	hills = {
		color = { 135 70 0 }

		type = hills
		sound_type = mountain

		defence = 2
		local_defensiveness = 0.15
		movement_cost = 1.35
		local_development_cost = 0.10
		supply_limit = 25
		
		local_build_cost = 0.10
        local_build_time = 0.10
        regiment_recruit_speed = 0.10
        ship_recruit_speed = 0.10
		local_institution_spread = -0.10
		
		terrain_override = {
			814 815 816 817 824 825 826 225 827
            828 320 324 321 217 218 221 406 407
            328 318 286 327 276 229 350 641 634 637
            351 352 353 342 345 355 354 343 341
            329 260 266 293 296 813 872 873 869 695
            277 840 841 842 839 936 928 925 927 988 982 493 492 491 
			979 391 392 485 484 477 476 483 412 413 415 414
            935 926 938 946 945 919 952 960 993 990 985 543 544
			373 374 375 388 378 383 447 449 438 439 379 365 561
			368 802 800 804 806 511 513 519 518 520 505 502 500 599
			589 620 744 752 751 749 753 754 756 757 748 750
			767 765 768 769 771 772 736 709 710 729 715 712
			1792 1660 3633 3636 3640 1663 3642 3644 3649 3651 3653
			3604 3606 3609 3586 3581 3575 1636 3601 1621 1623 1622
			1777 3539 3538 3535 3532 1784 1783 1791 1793 3610 1651
			1650 1641 1610 1612 3657
			2519 2518 2672 2674 2668 2667 3528 3529 3530 3524 3525
			3522 3521 3509 3510 3519 3518 3515 3512 3484 3481 3483 3482 1587 1741
			3487 3486 3488 3503 3505 3506 3492 3494 3497 2656 2658 2661 2660 2662
            6930 6931 6932 6928 6927 7042 1400 6672 6873
            6875 2142 2124 2123 2143 2159 2160 1597 
            2122 2121 2131 2167 2166 3459 2125 2147 4102
            2174 2175 2169 2157 2164 2176 3444 3441 3443
            3446 3447 3449 2015 2162 3456 2755 2359 2356 2352
			2317 1807 2530 2536 2549 2548 2546 2552 2571 2572 2573 2568 2567 2579 2578 2577
			2595 2597 2600 2604 2612 2622 2621 2649 2650 2654 3627 3625 3624 3622
			2540 2542 2526 2527 
			2478 2477 2461 1569 1570 2168 1567 1568 2510
            2014 2009 2081 2005 2179 2079 2067 2031
            2034 2033 2035 1554 2013 2011 3060
            2970 2899 2897 2898 2900 2896 2883 2877 2208
			2210 1535 2274 2271 2424 2433 2369 2437 2376 2377
			2324 2325 2326 2327 2323 2472 2387 2389 2263
			2262 2256 2254 2251 2452 1566 2186 2233 2232 2241 2242 2240
            2876 2853 2858 2862 2866 2868 2902 2913 2953
            2955 2987 2988 3149 3147 2842 2829 2831 2751
            2796 2794 2845 2917 2923 2110 2844 2833 2828
            2756 2752 2753 2727 2722 2723 2701 2761 2740
            2776 2775 2774 2773 2741 2744 3157 3156
            3177 3174 3188 3190 3269 1397 3913 3927 3925
            3874 4336 4356 4360 4357 4353 4352 4350
            4184 4187 4183 4188 4189 4079 2182 2180
            2178 4626 4663 4665 4835 4834 4833 4806 4807
            4802 4746 4722 4723 4719 4718 4633 4635 4645
            4631 4749 4767 4766 4765 5049 5055 5053 5054
            5052 4950 4949 4947 4917 4920 4921 4934 4969
            4968 4973 4971 4966 4967 4992 4990 4987 4988
            4937 5043 5039 5018 5036 5037 4926 4910 4908
            4909 4985 4980 4981 5003 5016 5020 5120 5119
            5112 5111 5121 5122 5123 5124 5280 5279 5274
            5277 5299 5297 5296 5293 5294 5109 5134 5135
            5217 5219 5216 5218 5228 5229 5231 5232 5234
            5237 5186 5183 5185 5174 5127 5128 1113 6469
            6470 6732 1088 1093 6472 6797 6799 6693 6676
            6677 6675 6657 6659 6663 6666 6445 1066 6493
            6494 1067 6623 6624 6621 6625 6686 6683 6682
            6685 6689 6117 6118 5308 5766 1499 6112 6113
            6111 1496 6409 6408 6406 1497 5259 5258 7004
            5260 5203 5244 5246 5243 5242 5204 5094 5093
            5282 5290 5289 5269 5270 5200 5264 5265 6815
            6816 6407 6405 6410 6780 1075 1103 1096 1105
            6649 6650 6648 1149 6838 1104 1107 1108 6546
            6544 6549 6711 6713 6714 6541 6545 6542 6712
            6716 6501 6502 6506 6505 6504 6581 6587 6588
            6589 6586 6570 6567 6571 6561 6574 6554 6556
            6558 6769 6768 6701 6702 6703 6705 6704 5309
            1124 1123 1122 5412 1230 5414 1231 5409 5540
            5539 5538 5537 5536 5561 5565 5563 5564 5567
            5584 5587 5585 5588 5589 1187 5373 5372 1189
            5374 5648 5649 5650 5647 5626 5348 5347 5349
            5346 1163 1164 1162 1165 1166 5350 1147 1150
            1148 1151 1142 1143 1144 5773 5330 5748 5676
            5742 5741 5743 5711 5713 5712 5720 5719 1179
            5724 5701 5721 5723 5722 5727 4198 4196 4195
            4193 4281 4286 4282 4285 4283 4284 2145 5463
            5464 6139 6140 6135 6132 6134 5889 5919 5920
            5918 5394 5393 1210 5392 1244 1243 5440 5439
            1253 1252 5434 5435 6009 1251 5433 5432 5416
            1232 5417 5603 5613 5611 5612 5882 5383 5859
            5860 5853 5851 5834 5833 5831 5848 5825 5826
            5828 5829 5375 5604 5602 5614 5360 6515 7310
            7311 7139 1324 7136 1326 1327 7293 7290 7289
            1351 7164 1363 7161 5950 6038 6035 6034 6033
            6032 6031 5953 5952 5912 5911 5909 5906 5904
            5333 5329 5718 5714 5680 6371 6372 6358 6360
            6359 5677 6336 1513 1511 1512 1485 6229 6234
            6230 6098 6097 6227 1219 1221 5402 5403 1233
            1236 1250 1052 1323 1220 7277 7276 7279 7133
            7134 7121 1310 7123 1283 1281 7095 6154 6155
            6158 6157 6153 6152 6147 6304 6307 6303 6308
            1488 6101 1489 1486 1490 1487 7233 7234 7235
            7228 7227 7226 7165 1352 1349 7286 7222 7287
            6068 6070 6189 6188 6187 6202 6203 6204 6211
            6212 6215 6216 6313 6312 6104 6235 6238 6315
            6314 7089 7090 7088 1277 7087 7122 1395 1396
            6997 6998 7001 7002 6872 6871 6527 6530 6528
            6448 6517 6519 6874 6879 6880 7049 7050 7053
            6991 6992 6988 6990 6993 4901 5000 7280 7281 
			7285 7284 7275 1292 1291 1293 3906 3908 3907
			3910 3909 3917 3916 3919 3918 3920 3253 3252 3251
			1008 1006 3259 3989 4030 4025 4024 3986 3988 1027
			1026 1025 1028 4101 4104 4103 2737 2736 2699 2692
			3019 3020 3042 3041 3038 2767 2768 2783 2782 2788
			2925 2922 2935 3140 3191 3195 3194 3010 3007 2949
			2946 2947 2762 2764 2765 2941 2938 2716 2766 3099
			3104 3011 3009 2994 2945 3008 1053 1049 1051 1050 3302
			3314 3315 3313 3312 3311 3374 3360 3357 3355 3352 3350
			3348 3344 3341 3204 7055 1023 1022 1020 1019 4083
			4085 4086 4116 4120 4118 4115 4112 4209 4210 4225 4214
			4216 4220 4217 4219 4218 4241 4242 4244 4245 1044 1048 4259
			4255 4265 4269 4276 4279 4131 4121 4122 4222 4215 4213
			3290 4246 4249 1047 1045 3294 4252 4254 4270 4275 4277
			1014 1015 4049 4047 1017 3410 3409 3408 3417 3419 3420 3830 3827
			3826 3825 3824 3239 3238 1030 4033 4032 4031 3992 3995 3800
			3236 3237 3939 3937 3938 3946 3954 3959 3967 3966
			3971 3974 3980 3232 3234 3958 3955 3960 3224 3784 3225
			3782 3789 3936 3833 3849 3847 3846 3848 3850 3244 4021
			4005 4009 4010 4008 4011 4012 3233
			3840 3838 3837 3240 3831 1002 4050 4016 4015 4017 4018
			3860 3858 3853 3859 3857 3260 1013 1012 1011 2506 2508 2507
			2222 2225 2215 2216 2217 2200 2201 2281 2283 2277 3495
			1816 1541 1544 1755 2617 2615 2630 2633 1761 
			
		}
		
	}
	
	woods = {
		color = { 165 205 108 }

		type = forest
		sound_type = forest

		defence = 1
		local_defensiveness = 0.20
		movement_cost = 1.25
		local_development_cost = -0.10
		supply_limit = 25
		
		local_build_cost = -0.10
        local_build_time = -0.10
        regiment_recruit_speed = -0.10
        ship_recruit_speed = -0.10
		local_institution_spread = 0.10	
		
		terrain_override = {
			999
		    2830
            1413 1414 1415 1402 1408 1345 1346 1347
            2704 1301 1299 1274 1275 1278 7086 7039
            7041 6953 6881 1430 1429 6895 6893 6892 6891
            1416 6889 6890 1417 7046 7037 7038 7036
            2863 2865 2867 2869 3162 3165 3168 3167
            3170 3169 2873
            2872 2871 2874 2879 2878 2875 2880 2884 2881
            2882 2889 2888 2887 2885 2886 2894 2895 2893
            2892 2891 2890 2961 2968 2962 2966 2963 2969
            2967 2965 2964 2986 2984 2982 2981 2983 2989
            3143 3142 2990 3144 3145 3146 3152 3151 3150
            3148 3155 3154 3153 3161 3158 3159 3160 3164
            3163 3185 3184 3183 3182 3181 3186 3180 3179
            3178 3176 3173 3237 2706 3166
            3172 3171 3175 3189 3187 2825 2827 2840
            2841 2843 2848 2850 2849 2847 2846 2798 2795
            2792 2791 2780 2797 2800 2779 2778 2799
            3061 2793 1267 1266 7077 7083 7078 1268
            1330 7143 7142 7144 7145 1331 1333 1329 7292
            7291 7288 7225 7224 7223 7220 7221 7217 7218
            1360 1362 7172 1361 1359 7163 7152 1341 7153
            1342 7193 7192 7191 7190 7189 7187 7184 7183
            7171 7176 1293 1289 7102 2822
            6994 1317 7126 1302 7127 1314 1316
            1315 7130 7128 7119 7118 7117 1304 1306
            7116 7048 7047 7129 1305 7054 7179 6858 1386
            6926 6929 6899 6933 6935 6934 1368 6908 6907
            6911 6910 6922 6923 1377 6900 1376 6849 6847
            6848 6850 6937 6851 6939 6852 1382 1380 1378
            6947 6948 6950 6954 6951 6952 6978 6979 1427
            6906 6986 6987 7005 7003 7000 6996 1393 1394
            1399 1398 7044 7043 7045 7040 1401 1409 1410
            1411 3056 2832 2834 2835 2837 2836 2838 1412
			2697 2715 2714 2696 2694 2695 2693 3016 2769 2770
			2781 2786 2787 2790 2789 2801 2804 2803 2802 2806
			2809 2812 2813 3192 3193 3001 2998 3000 2997 2999
			2996 2936 2995 3002 3004 3003 3005 3069 3067 3066
			3064 3063 3062 3065 3059 3058 3057 3319 3320 3317
			3318 3316 3096 3097 2992 2993 2950 2991 2944 2943 2937
			2942 4028 4029 4026 4027 4023 4022 3249 3250 1000
			1001 1003 3246 3254 3255 1007 1005 1004 3991 3993 3994
			3996 3998 3997 4000 3999 2675 2669 2666 3514 3491 3517 3493 3498 3500
			3504 3520 3508 3507 3496 3499 3489 3490 3485 3502 3501 2624 2620 2582 2581
			2580 2565 2566 2574 2559 2560 2561 2555 2556 2557 2558
		}
	}
	
	mountain = {
		color = { 117 108 119 }

		type = mountains
		sound_type = mountain

		defence = 3
		local_defensiveness = 0.35
		movement_cost = 1.5
		local_development_cost = 0.25
		supply_limit = 10
		
		local_build_cost = 0.25
        local_build_time = 0.25
        regiment_recruit_speed = 0.25
        ship_recruit_speed = 0.25
		local_institution_spread = -0.25
		
		terrain_override = {
			263 856 858 423 832 829 830 833 964 799 794 795 732
			733 705 704 719 735 691 688 687 689 690 713 716 734
			1619 1640 3608 3607 3605 3603 3599 3584 3583 3585 3582
            1288 1339 6258 6898 6844 6843 6962 6965 3602
            6957 2506 3467 3762 4173 3396 3474 3471 3478 
            3081 3131 2811 3767 3765 3900 1802 1649 3634 3635 
			1662 1664 3643 3648 3650 3660 3659 1617 1616 1615 
            3898 3894 3895 3893 3891 4151 3888 3886 3885
            3881 3880 3879 3878 3868 3867 3865 3861
            4153 4152 4888 5730 5734 5737 5738 2635
            5794 5796 5806 5845 5844 1192 1195 5862 5868
            5867 5875 5874 6522 6521 6028 6030 6029 6026
            6024 6023 6022 6021 6018 6020 6019 5934 5937
            5924 5923 1459 5922 5921 5927 5926 5928 1240
            1265 1264 7082 1276 5935 5423 1241 5422 7258
            7033 1425 7264 7263 7262 7270 7268 7271 7105
            1290 6160 6256 6257 6066 1452 1455 1454 1453
            6168 6169 6179 6178 6174 6173 6171 6172 6071
            6073 6074 6075 6241 6243 6242 6244 6247 6245
            6246 6248 6249 6250 6251 6254 6252 6085 6084
            1466 6083 1470 6082 1469 6081 7248 7110 7245
            7244 7243 7240 7242 7239 7236 7168 7212 7207
            7198 7199 7197 7200 7196 7201 7202 1358 7175
            7173 1346 7156 1348 1460 1457 1463 1464 1462
            1465 1461 6080 6087 6086 1471 6291 6292 6293
            6282 6279 6278 6277 6285 6253 6255 6260
            6273 6271 6265 6264 1467 6886 6887 6888 7014
            7013 7006 7007 7008 7071 7072 7073 7074 7075
            7034 7069 7068 7067 1506 6361 6362 6351 6349
            6350 6353 6354 6328 6326 6323 6321 1492 1494
            1493 1495 6110 6109 6363 6344 6845 6842 6841
            6916 6917 6919 6918 6921 6945 6942 6941 6940
            6854 1387 6856 6857 1385 6859 6860 6866 6867
            6868 6961 6963 6955 6968 6971 6969 6970
            6967 7020 7022 7024 7025 7031 7035 6343 1384
            1383 6884 6864 6863 6862 6973 6972 6974 1428
            1426 1424 1423 6896 6897 7058 7057 7059 7056
			2939 2940 2739 2738 2785 2784 3076 3077 3121 3122
			3120 3125 3126 3128 3133 3132 3129 3130 3388 3387
			3392 3389 3386 3390 3212 3213 3368 3365 3333 3334
			3208 3206 2815 3201 2814 2810 2816 2819 2921
			1286 3091 1285 3111 3094 3095 3088 3814 3815 3819 3818
			3820 3821 3828 4056 4053 3266 3267 3268 
			1625 1661 
		}
		
	}
	
	impassable_mountains = {
		color = { 128 128 128 }

		sound_type = desert

		movement_cost = 5.0
		defence = 5
		local_development_cost = 10		
	}
	
	grasslands = {
		color = { 241 221 184 }

		type = plains
		sound_type = plains

		movement_cost = 1.0
		local_development_cost = -0.25
		supply_limit = 30
		
		local_build_cost = -0.25
        local_build_time = -0.25
        regiment_recruit_speed = -0.25
        ship_recruit_speed = -0.25
		local_institution_spread = 0.25
		
		terrain_override = {
		    981 980 
			2498 1121 5301 5302 5661 5481 5483 5485
            5488 5487 5489 5490 5493 5494 5499 5515 5512
            5496 5517 5497 5430 5693 5339 5437 5398 1218
            6051 5401 1212 1214 5397 5396 5357 5716 5663
            5664 5662 3050 3229 3230 4226 4223 4224
			4227 4247 4248 1046 4253 4271 4272 4274 4273 3931 3928
			3930 3935 3856 3949 3947 3962 2632 2631 2616
		}
		
	}
	
	jungle = {
		color = { 40 180 149 }

		type = jungle
		sound_type = jungle

		defence = 2
		local_defensiveness = 0.35
		movement_cost = 1.35
		local_development_cost = 0.30
		supply_limit = 30
		
		local_build_cost = 0.30
        local_build_time = 0.30
        regiment_recruit_speed = 0.30
        ship_recruit_speed = 0.30
		local_institution_spread = -0.30
		
		terrain_override = {
		    214 215 216 226 227 224 220 222 223
            229 230 244 231 234 236 240 237 245
            267 268 269 270 278 274 300 289 279 681 680 678
            280 281 294 295 271 291 251 250 246 569 568 567
            247 248 249 265 233 535 539 546 545 548 694 693
			696
			550 551 552 553 706 703 702 722 686 684 685 682 683
			1611 1605 1606 1620 1624
			1647 1648 3632 3637 3638 3639 3631 1659 1631 1632
			1634 3641 3645 3646 3647 3652 3655 3658 3656 1613 
			1743 1590 1589 1740 1746 1594 1749 1593 1751 1626
            1556 1557 1558 1559 1563 1564 4795 4796 6747
            4688 4714 1630 4794 4793 4797 4799 4798
            4800 1094 1095 6741 6742 6745 6722 6475 6471
            1729 6733 6737 6464 6462 1635 2023 2025 4709
            2024 2022 2017 2012 2010 2008 2016 4650 4649
            4648 4643 4644 2021 1561 2096 2099 2042 2040
            2038 2048 2066 2065 4622 4624 2064 2053 4776
            4777 4775 4779 4778 4780 4634 4632 4791 4792
            2019 2026 2028 2027 2029 2032 2030 1560 2076
            2077 4715 4720 2078 2092 2091 2088 2095 2061
            4713 4716 3640 4621 3654 4813 4667 4666 4812
            4712 4711 4673 4679 4677 4675 4608 4607 4606
            4786 4785 4787 4784 4783 4756 4753 4754 4751
            4781 4758 4725 4724 4601 4697 4696 4609 4710
            4623 1553 1555 1577 1726 1582 1676 1678 1679
			3564 3561 3572 3573 3576 3579 3578 3580 3587 3590
			3594 3595 3596 3598 3597 3600 1618
		}

	}	
	
	marsh = {
		color = { 76 112 105 }

		type = marsh
		sound_type = forest

		defence = 2
		local_defensiveness = 0.25
		movement_cost = 1.40
		local_development_cost = 0.15
		supply_limit = 20
		
		local_build_cost = 0.15
        local_build_time = 0.15
        regiment_recruit_speed = 0.15
        ship_recruit_speed = 0.15
		local_institution_spread = -0.15
		
		terrain_override = {
			2870 2905 2906 2903 2901 2904 2907 2911 2910
            2909 2954 2957 2952 2951 2914 2915 2912 2916
            2918 2919 2920 2921 2908 7316 7317 7318
            6441 6442 6443 6444 6491 6492 6496
            6498 6495 6500 6499 6602 6603 6605 6604 6607
            6608 6622 6615 6614 6618 6617 6620 6619 6645
            6643 6642 6644 6646 6641 6661 6647 6652 6653
            6662 6667 6668 6669 6681 6684 6688 6672 6671
            6673 6674 6678 6679 6680 6700 6699 6694 6698
            6697 6695 6692 6696 6691 6690 6761 6762 6763
            6687 6547 6548 1112 6465 6457 6459 6458 6710
            6709 6730 6729 6728 6727 6724 6726 6725 6717
            6718 6719 6720 6715 6707 6706 6708 6751 6752
            6753 6758 6759 6760 6757 6754 6755 6756 6460
            1083 1082 1080 1081 6456 6770 6767 6766 6765
            6764 6487 6486 6489 6488 6490 6771 6772 6773
            6774 6776 6775 6779 6777 6778 6808 6807 6823
            6822 6821 6628 6825 6824 7308 7309 6516 6518
            6514 6511 6512 6513 6503 6507 6508 6509 6510
            7312 6829 6828 6830 6833 6834 6827 6826 6595
            6596 6598 6594 6597 6592 6593 6599 6600 1078
            1074 1071 1070 6455 1072 6454 6453 6536 6533
            6537 6534 6538 6539 6535 6532 6531 2960
            6449 6450 6447 1068 6446 1069 1073 6580 6579
            6578 7306 7307 6577 6576 6575 6572 6573 6585
            6837 6836 6635 6636 6633 7305 6631 6590 6629
            6632 6638 6637 6639 6640 1102 6630 6627 6626
            6591 6584 6583 6582 6451 6452 1076 1077 6569
            6568 6565 7313 6566 6564 6563 6562 6559 6560
            6540 6551 6557 6543 6552 6555 6550 6553 5451
            5454 5455 5460 5457 5456 5452 5453 5458 5459
            5310 5472 5471 5473 5474 5475 5477 5476 5478
            5479 5503 5502 5506 5509 5505 5504 1229 1227
            1228 5411 5413 5480 5415 5408 5407 1225 5410
            1224 1226 5406 1223 1222 6634 1340 7296 7298
            7297 7300 7299 1335 7146 1336 7148 7301 7302
            7303 7304 2958 2959 2956 6497 1043 3289 3288
			4212 4211
		}

	}
	
	desert = {
		color = { 220 210 0 }

		type = desert
		sound_type = desert

		movement_cost = 1.20
		local_development_cost = 0.15
		supply_limit = 15
		
		local_build_cost = 0.45
        local_build_time = 0.45
        regiment_recruit_speed = 0.45
        ship_recruit_speed = 0.45
		local_institution_spread = -0.45
		
		terrain_override = {
		    901 903 900 902 899 904 907 905 906
            908 889 892 916 914 915 917 918 887
            888 884 885 886 893 910 912 909 911
            913 894 895 898 896 897 924 648 628 
			633 636 635 630 646 647 618 614 612
			642 656 655 657 668 644 662 663 658 654
			719 638
			1699 1697 1696 1695 1665 1715 1716 1717 1718
			1669 1668 3542 3545 3547 3548 3552
            2153 2150 2163 2165 5074 5110 5108 5107 5106 1704 1703 1702 1694 
			1682 1684 1693 1692 1691 1690 1686 1687 1688 1714 1707
			1712 1711 2645 2644 1710 1713 1700 3556 1698 3555 
            5095 5077 5076 2154 5096 5098 5100 5097 5099
            5281 5283 5285 5284 5286 5288 5287 6419 6418
            6420 5088 5089 5090 5066 5068 5069 5070
            5067 5092 5091 5235 5236 5238 5239 5240 5233
            5080 5079 5078 5087 4290 4289
            4197 4199 4200 1667 1719
            4177 4179 4169 4170 4171 4167 4165 4163
            4194 4192 4298 4299 4342 4332
            4335 4337 4329 4328 4324 4345 4348 4341 4346
            4349 4333 4334 4296 4295 4294 4292 4291 4287
            4288 4186 4185 4191 5131 5138 5136 5137 5139
            5140 5085 5084 5083 5082 5081 5214 5215 5075
            5073 5072 5150 5149 5145 5148 5146 5147 5225
            5224 5227 5226 5230 5292 5291 5086 5295 5300
            5298 6126 1480 6373 6374 6375 6376 6377 6378
            6379 6380 6325 6316 6317 6318 6319 6320 6330
            6332 6335 6331 6334 6337 6333 6340 6339 6338
            1477 6091 1479 6092 6381 6382 6385 6386 6387
            6390 6393 6394 6399 6395 6396 6403 6411 6414
            1509 6124 6368 6370 6369 6366 6365 2146 2149
		}
		
	}
	
	coastal_desert = {
		color = { 200 128 0 }

		type = desert
		sound_type = desert

		movement_cost = 1.15
		local_development_cost = 0.40		
		supply_limit = 20
		
		local_build_cost = 0.40
        local_build_time = 0.40
        regiment_recruit_speed = 0.40
        ship_recruit_speed = 0.40
		local_institution_spread = -0.40
		
		terrain_override = {
		    337 338 339 610 609 613 611 625 626 666 665
			624 632 629 631 652 651 649 653 650 645
			1706 2640 2639 2638 2637 2636 2643
			2642 2641 1722 1723 1724 1720
            4078 2141 2144 3873 3872 3871 3870
            4161 4162 4164 4166 4168 4181 4182 4150
            4148 4070 4067 4066 4065 1666 1673 1674
			1681 1683 1689 1708 
            4313 4312 4311 4331 4323 4322 4321 4325 4343
            4300 4297 4293 4190 4180 4178 4176 4149 6106
            6341 6346 6121 6122 6123 6417 6416 6415 6413
            6412 6404 6402 6401 6397 6389 6388 6384 6383
            1476 1514 1478 6094 6095 6430 6428 6426 6093
            6130 6129 6128 6127 4068 4069 3923
            4326 4327 4330 4338 4339 4340 4359 4358 4355
            4354 4351 4347 4344 6347 6348 1510 6398 6400
            6392 6391 6427 6429 1504 1503 1502
			4080 3553 3554 3559 3558 3557 
		}

	}
	
	coastline = {
		color = { 200 128 0 }

		sound_type = sea

		movement_cost = 1.0
		local_development_cost = -0.20
		supply_limit = 30
		
		local_build_cost = -0.20
        local_build_time = -0.20
        regiment_recruit_speed = -0.20
        ship_recruit_speed = -0.20
		local_institution_spread = 0.20
		
		terrain_override = {
			209 210 211 212 213 232 228 219 331
            222 224 225 319 846 847 325 848 845
            844 323 231 853 854 857 855 859
            863 862 868 867 866 864 879 882 883
            820 821 819 812 809 948 929 931 932
            934 937 933 942 943 233 252 216 214
            215 220 241 282 283 275 271 272 268
            267 270 306 298 253 255 254 256 257
            259 299 301 297 994 995 996 997 558
			557 556 555 574 571 570 600 604 603 602 707 760 
			759 714 692 566
			1790 1774 1644 1643 1642 1736
            3448 3450 3442 4882 4883 4884 4956 4957 4962
            4680 4964 4965 4943 4941 4938 4936 4890 4895
            4891 4892 4893 4894 4922 4923 4924 4919 4925
            4918 4916 4899 4900 4913 4855 4954 4955 4845
            5151 5152 5153 5170 5116 5117 5118 5167 5166
            5161 4844 4841 5155 5156 5160 5157 5158 1737
			1738 1592 1766 1765 1764 1603 1604 1752
            5102 5103 5105 4678 5125 5327 5328 5331 5332
            5340 1152 1155 1153 5336 1156 1160 1161 5345
            5353 1158 1159 1168 5354 5681 5682 5684 5686
            6131 6133 6136 6137 6138 5352 1171 1501 5441
            5443 5442 4683 4768 5444 5445 5305 5304 5303
            1117 1118 1120 1119 5482 5484 5486 5491 5492
            5498 5500 5511 5513 5514 5516 5518 5521 5523
            5524 5527 5313 5510 5508 5507 5501 5307 5306
            1125 1126 5461 5462 5470 5469 5468 5465 5450
            5449 5448 5447 5446 6723 6721 6461 6463 1087
            1086 1099 1085 6735 6736 6739 6738 1091 6817
            6818 6819 6820 6476 1098 6477 6478 1100 1110
            1092 6814 6811 6812 6749 6750 6670 6665 6664
            6660 6658 6656 6655 6654 6651 6839 6840 6835
            6832 6831 6810 6809 6805 6804 6790 6788 6787
            6786 6789 6785 6784 6781 6782 6783 6791 6792
            6793 6795 6796 6803 6802 6801 6800 6798 6794
            6806 6481 6482 1106 1101 6483 6485 6484 6616
            6613 6612 6611 6609 6610 6606 6601 1065 1064
            1063 1505 6116 6422 6421 6437 6440 6439 6438
            6434 6433 6114 6115 1500 1498 5351 5159 1216
            1205 5386 5387 5388 5389 5390 1131 1128 1130
            1127 5315 5318 5317 1134 1132 1133 5316 5543
            5542 5541 5324 5325 5371 1190 1191 1188 1186
            1184 1183 5839 5838 1197 5382 1201 1200 1199
            5384 5963 5967 5968 5969 5970 5395 1207 1208
            1209 1211 5391 5420 1235 1234 5418 5400 1215
            2017 2136 2137 2138 2046 2047 2052 2037 2036
            2006 2007 2018 2106 2107 2108 2109 2111 2177
            2181 2183 2184 2851 2852 2855 2857 2860 2859
            2856 2854 2861 2864 2971 2972 2973 2974 2975
            2976 2980 2979 2978 2977 2985 3141 2105 2104
            2103 2102 2100 2101 2098 2099 2096 2097 2091
            2092 2090 2094 2095 2093 2089 2088 2074 2072
            2071 2016 2015 2014 2010 2009 1553 2019 1562
            1560 2021 2022 2045 2043 2041 2039 2049 2050
            2054 2055 2083 2082 2080 2078 2076 2087 2086
            2085 2084 4735 4737 4738 4739 4740 4770 4769
            4639 4637 4636 4817 4814 4670 4669 4668 4664
            4662 4661 4628 4627 4625 4629 4630 4691 4695
            4698 4699 4603 4605 4602 4726 4727 4728 4729
            4782 4788 4789 4790 4611 4612 4681 4682 4651
            4653 4822 4823 4826 4656 4657 4659 4660 4671
            4672 4674 4676 4741 4745 4750 4801 4810 4809
            4808 4839 4838 4840 4818 4686 4689 4690 4646
            4647 4694 4693 1591 1552 1551 1583 1732 3901
			3902 3903 3904 3905 3911 3912 3914 3915 3921 3922
			3924 3926 3929 3941 3942 3944 3961 1727 1730 1729
			1733 1584 1739 1585 1586 3619 2584 2592 1797 1781
			1800 1608 1607 1609 1671 1672 1685 3560 3571 1639 
			1638 
		}
		
	}	
	
	highlands = {
		color = { 12 12 12 }

		type = hills
		sound_type = mountain
		
		defence = 3
		local_defensiveness = 0.25
		movement_cost = 1.45
		local_development_cost = 0.20
		supply_limit = 15
		
		local_build_cost = 0.20
        local_build_time = 0.20
        regiment_recruit_speed = 0.20
        ship_recruit_speed = 0.20
		local_institution_spread = -0.20
		
		terrain_override = {
			284 287 288 290 292 258 261 262 264
            302 303 307 308 304 247 246
            305 891 890 959 970 425 424 422 421 793 796
			446 450 389 370 471 473 475 385 382 457 458 452 516 515 514
			455 453 429 428 427 426 445 444 496 498 499 501 504 517 507 508 805
			798 643 639 640 615 617 616 661 659 660 664 667 739 742
			2524 2523 2531 2535 3621 1538 2664 1701 1767 1768 1769
			2570 2569 2575 2576 2583 2596 2602 2601 2603 2653 2655 3628 3629 3630 2550 2551
			3511 3513 3516 3523 3526 3527 2670 2673 2671 2515 2516 2517
			2194 1572 2440 2441 2444 2482 2481 2480
			2473 2333 2255 2453 2451 2465 2466 2467
            2058 2060 2062 3462 3464 3468 3469 3466 3463
            2172 2532 3405 3392 2206
			2533 2534 2544 3551 3550 3549 3546 3544 3588 3589 3593 3592 3591
            2711 3470 3461 3465 2173 2171 2170 2712
            3130 2168 3892 3897 3899 4154 2304 2306 2307 2308 2541
			2343 2344 2346 2347 2349 2358 2357 2350 2608 2609 2610 2619 2618
			2629 2628 2627 2626 2625
			2360 2361 2362 2364 2429 2428 2426 2422 2420 2379 2374 2372 2370 
            3862 3864 3866 3869 3875 3877 3876 3882
            3884 3883 3887 4061 4063 4064 4155 4159 4156
            4158 4160 4172 4174 4175 3761 3764 3766 3768
            3770 4264 3769 3763 4157 3863 4278 2470 2471 2332 2331 2330
			2329 2337 2338 2339 2288 2287 2285 2282 2280 2292 2293 2204 2203 
            2063 2051 2059 3445 2151 2152 2148 2156
            2158 2161 3452 3454 3453 3455 3457 3458 4692
            4702 4701 4704 4705 4706 4703 4829 4707 4708
            4820 4773 4774 4717 4771 4772 4819 4816
            4811 4638 4761 4762 4763 4764 4641 4642 4736
            4734 4731 4732 4733 4831 4836 4837 4832 4805
            4804 4803 4748 4747 4744 4743 4742 4830 4828
            4827 4825 4824 4821 4652 4654 4655 4687 4685
            4684 4613 4614 4615 4610 4618 4617 4616 4619
            4620 4752 4755 4757 4759 4760 4721 5223 5222
            5221 5144 5143 5142 5141 5071 5220 5213 5212
            5211 5133 5132 5594 5592 5590 5580 5579 5575
            5560 5558 5557 5556 5531 5530 5528 5526 5525
            5522 5520 5519 5495 5804 5362 1181 1178 6435
            6436 6432 6431 6425 6423 6424 5729 5728 5733
            5736 5735 5744 5747 5749 5763 5762 5761 5793
            5795 5802 5801 5803 5361 5824 5823 5822 5847
            5849 5850 5377 5378 5379 5861 5869 5870 5873
            6520 6523 6524 6525 6526 6042 6044 6047 6049
            6017 6015 6006 6007 6008 5980 5979 5975 5949
            5947 5946 5943 5941 5910 5908 5907 5905 5903
            5901 5887 5885 5883 5881 1177 5726 5725 5732
            5731 5745 5746 5750 5791 5792 5816 5821 5902
            5425 1239 5930 5929 5942 5944 5945 5948 5931
            5932 5933 5971 5974 5978 6004 6005 6014 6016
            1255 1256 6050 6048 6046 6043 6041 6045 1295
            7106 7260 7272 7294 7295 7138 7137 1325 7140
            1328 7319 7150 7149 7147 1338 1337 1334 1350
            1286 1285 1288 7125 7124 1311 1282 7091 1296
            1294 7253 7250 7247 7241 7238 1356 1357 1353
            7213 7208 7205 7204 7203 1280 7092 1279 7093
            7094 1273 7085 1271 1269 1313 1318 1312 1320
            7135 7273 7274 7283 7282 1298 7255 7254 7252
            7249 7246 7232 7229 1354 7215 7214 7219 7216
            7171 7012 7010 7029 7032 7019 6079 6078 6186
            6185 6181 6161 6162 6164 6165 6167 1451 6069
            6067 6159 6156 1308 1307 7231 7230 6163
            6166 6182 6183 6184 6190 6090 6089 6088 1474
            1472 6295 6294 6285 6280 6275 6276 6259
            1468 6262 6263 6266 6270 7070 6297 6296 1473
            6300 6299 6298 1475 6345 6342 6108 6107 1491
            6305 6306 6309 6322 6324 6327 6329 6355 6357
            6352 6364 6367 6125 1508 1507 1297 6356 7063
            7065 7064 7060 1420 1419 1418 6904 6905 6902
            6901 1405 7051 1407 1406 1403 6877 6975 6976
            6977 6980 6981 6983 6982 6984 6985 6861 1392
            1390 1391 1389 1366 6876 1404 7052 1432 1431
            6903 1421 6894 1422 7062 7061 1388 6878
			2056 2057 3406 3403 3404 3384 3402
			3385 3383 3382 3381 3134 3135 3139 3136 3138 3137
			3114 3113 3115 3112 3039 3040 2691 7320 3198 3199
			3200 3197 4235 4236 4237 4238 4239 4243 4260 4258
			4256 4257 4263 4266 4267 4268 4303 4309 4308 4307
			4140 4135 4134 4136 4133 4137 4201 4202 4204 4055
			4052 4038 4039 4037 4035 4036 4059 4057 4058 4089
			4092 4090 4099 4098 4100 2733 2731 2732 2720 2719
			2717 2718 3214 3215 3367 3364 3363 3354 3353 3338
			3349 3339 3340 3323 3326 3330 3209 3210
			3400 3412 3411 3415 3217 3218 3425 3440 3801
			3809 3808 3896 3816 3817 3822 3823 3829 3098 3100
			3101 3102 3103 3105 3028 3029 3047 3048 4310 4302 4301
			4232 4206 4233 4208 4207 3203 3337 3202 3806 3805 3803 3807
			3802 3438 3437 3439 3431 3219 3220 1034 1037 1038 4113 
			3278 3279 3277 2492 2491 2490 2415 2414 2413 2412 2410
			2404 2405 2406 2397 2396 2394 2391 2393 2392 2386 2388 2382 2380
			2456 2457 229 2298 2297 1539 1540 1548 3475 3476 3578 3479 3472 3473 1821 
			
		}

	}
	
	steppe = {
		color = { 220 210 0 }

		type = plains
		sound_type = plains

		movement_cost = 1.00
		local_development_cost = 0.05
		supply_limit = 30
		
		local_build_cost = 0.05
        local_build_time = 0.05
        regiment_recruit_speed = 0.05
        ship_recruit_speed = 0.05
		local_institution_spread = -0.05
        
		terrain_override = {
			984 962 963 956 957 958 954 955 978 977 976
			975 974 989 991 992 987 986
            6218 1481 1515 6240 6239 6236 6232 6219 6233
            6237 6100 6099 1482 1484 1483 6096 1450 6063
            6064 6065 6062 1447 1449 6061 1446 1448 6217
            6220 6223 6228 6221 6224 6226 6225 6222 6213
            6214 6210 6206 6208 6209 6207 6205 6201 6200
            6199 6198 6197 6195 6196 6194 6193 6192 6191
            6151 6150 6149 6144 6148 6145 6146 6143 6142
            6141 6311 6310 6103 6102 6105
			6231 3401 3380 3377 3376 3373 3371 3359
			3358 3356 3351 3346 3345 3347 3343 3342 
			1016 1018 3261 3262 3264 3265 4046 4048 3270 4043 4042 4041 1021 4082
			4084 4087 4088 4034 4040 4051 4054 4060 4091 4093 4094 4095
			3281 3282 3283 1036 3285 3284 4119 4117 4114 4096 4097 4111
			3280 1031 1033 1032 1029 3276 3221 3222 3781 3787 3788 3793 3796
			3777 3778 3774 3776 3231 3235 3957 3956 3953 3952 3951
			4001 4002 4003 4004 4006 4007 4013 4014 3799 3798 3791 3792 3790 3786
			3981 3982 3983 3984 3987 3985 3977 3978 3979 3976 3975 3973 3972
			3990 3258 3256 3257 1010 1009 4019 4020
		}
		
	}	
	
	drylands = {
		color = { 220 210 0 }		

		type = plains
		sound_type = plains

		movement_cost = 1.10
		local_development_cost = 0.35
		supply_limit = 25
		
		local_build_cost = 0.35
        local_build_time = 0.35
        regiment_recruit_speed = 0.35
        ship_recruit_speed = 0.35
		local_institution_spread = -0.35
		
		terrain_override = {
		    344 349 322 333 285 273 348 326 330
            340 347 346 335 332 334 336 953 951
			950 478 479 480 481 482 390 393 395 411
			409 410 408 807 808 801 803 797
            2757 2826 2748 2747 2742 6915 6914 6913
            6912 1813 2135 3460 2155 2139 2140 2120 2119
            2118 2117 2128 2132 2129 2130 2133 2127 2220
            1803 2114 1543 1542 1817 1819 1550 1818
			1815 1814 1804 1805 1820
            2116 2126 2115 2113 2112 3451 2134
            4317 4318 4314 4315 4320 4319 4316
            4059 4074 4076 4075 4072 4071 4141 4142 4143
            4144 4145 4146 4147 2691 2728 2726 2735 2734
            2771 2772 2725 2703 2777 2707 2708 2702
            2839 2760 2754 2709 2721 2724 2729 2730 2759
            2758 2743 2746 2745 2750 2749 2821 2823 2824
            3112 3111 4062 3890 2805 3779 3780
            1545 7158 7157 7159 7186 7314 7315 7120
            1300 7112 7115 1309 1303 7111 6261 6267 6268
            6269 6272 6274 6281 6283 6286 6287 6289 6301
            6302 4073 4077 2710 2705 3101 3091 3889
            7160 1344 7114 7113 6288 6290 6284
			3300 3299 3298 3297 1035 3296 3310 3309 3308
			3307 3305 3304 3306 3196 3301 3303 3272 3271 3273
			1024 3274 3275 4109 4110 4105 4108 4106 4107 4280
			3205 4251 3291 3292 3293 3295 4250 3775 3773 3772 3771 
			1039 1042 1040 1041 3287 3286 4230 4229 4228 4221
			4125 4123 4124 4126 4128 4127 4129 4130 4132
			3263 4045 4044 3785 2504 2503 2502 2501 2500 2509
			2505 2221 2226 2227 2228 2229 2224 2223 2218 2219
			2212 2213 2214 1536 1537 2209 2211 1812
			1809 1810 1811 1546 1547 1808 4475 1549 3480
			3477 1801 2665 2657 2659 2663
		} 
		
	}
	
	
	savannah = {
		color = { 91 123 45 }

		sound_type = plains

		movement_cost = 1.00
		local_development_cost = -0.05
		supply_limit = 30
		
		local_build_cost = -0.05
        local_build_time = -0.05
        regiment_recruit_speed = -0.05
        ship_recruit_speed = -0.05
		local_institution_spread = 0.05

         terrain_override = {
		    920 922 921 923 930 944 947
            941 940 939 598 597 595 596 593 594 592 590
			591 586 585 587 588 578 577 575 576 579 584 582 583 580
			581 770 763 764 737 738 741 755 761 746 745 743 747 
			1778 1772 1773 1770 1771 3541 3543
            5209 5250 5248 5249 5245 5247 5241 1599 1757
			1756 1598 1595 1596 1754 1753 2648 1796 1782 1785
			3540 3537 3536 3534 3533 3531 1788 1787 1789 
			3626 3623 2589 2590 2593 1680 1780 1779 
			2591 2594 2562 2563 2564
            5201 5202 5205 5210 5251 5252 5206 5207 5208
            5255 5253 5256 5254 5257 5101 5104 5171 5172
            5177 5173 5176 5178 5180 5175 5179 5276 5272
            5271 5273 5275 5278 5181 5182 5184 5187 5188
            5190 5189 5113 5114 5115 5169 5168 5165 5163
            5164 5162 5268 5267 5266 5263 5262 5261 5130
            5126 5129 5198 5196 5194 5191 5197 5192
			5195 2537 5193 5199 
			3618 3617 1602 1601 1762 1763 1760 1759 1758
			1600 
		}			
		
	}
	
}
	
##################################################################
### Graphical terrain
###		type	=	refers to the terrain defined above, "terrain category"'s 
### 	color 	= 	index in bitmap color table (see terrain.bmp)
###

terrain = {
	grasslands			= { type = grasslands		color = { 	0	 } }
	hills				= { type = hills			color = { 	1	 } }
	desert_mountain		= { type = mountain			color = { 	2	 } }
	desert				= { type = desert			color = { 	3	 } }

	plains				= { type = grasslands		color = { 	4	 } }
	terrain_5			= { type = grasslands		color = { 	5	 } }
	mountain			= { type = mountain			color = { 	6	 } }
	desert_mountain_low	= { type = desert			color = { 	7	 } }

	terrain_8			= { type = hills			color = { 	8	 } }
	marsh				= { type = marsh			color = { 	9	 } }
	terrain_10			= { type = farmlands		color = { 	10	 } }
	terrain_11			= { type = farmlands		color = { 	11	 } }

	forest_12			= { type = forest			color = { 	12	 } }
	forest_13			= { type = forest			color = { 	13	 } }
	forest_14			= { type = forest			color = { 	14	 } }
	ocean				= { type = ocean			color = { 	15	 } }

	snow				= { type = mountain 		color = { 	16	 } } # (SPECIAL CASE) Used to identify permanent snow
	inland_ocean_17 	= { type = inland_ocean		color = {	17	 } }

	coastal_desert_18	= { type = coastal_desert	color = { 	19	 } }
	coastline			= { type = coastline		color = { 	35	 } }
	
	savannah			= { type = savannah 		color = {	20	 } }
	drylands			= { type = drylands			color = {	22	 } }
	highlands			= { type = highlands		color = {	23	 } }
	dry_highlands		= { type = highlands		color = {	24	 } }
	
	woods				= { type = woods			color = { 	255	 } }
	jungle				= { type = jungle			color = { 	254	 } }
	
	terrain_21			= { type = farmlands		color = { 	21	 } }	
}

##################################################################
### Tree terrain
###		terrain	=	refers to the terrain tag defined above
### 	color 	= 	index in bitmap color table (see tree.bmp)
###

tree = {
	forest				= { terrain = forest 			color = { 	3 4 6 7 19 20	} }
	woods				= { terrain = woods 			color = { 	2 5 8 18	} }
	jungle				= { terrain = jungle 			color = { 	13 14 15	} }
	palms				= { terrain = desert 			color = { 	12	} }
	savana				= { terrain = grasslands 		color = { 	27 28 29 30	} }
}